   1.52736902236938476562499999362035700E-0008
   3.09876420281150124289772728957915979E-0008
   1.02445483207702636718749998826386440E-0008
   7.02073940863976111778846154216524956E-0009
   1.47015920707157679966517858071430503E-0008
   8.19563865661621093750000003209883250E-0009
   3.83681356108394642600995605749340989E-0035
   9.71040743238785687614889699261968808E-0009
   9.52018631829155815972222225833340804E-0009
   1.80382477609734786184210524741468447E-0008
   1.37835741043090820312500000469445427E-0008
   6.68556562491825648716517849691342511E-0009
   2.41508876735513860529119319957284862E-0008
   1.56097761962724768597146740818240234E-0008
   1.02445483207702636718749999119789830E-0008
   1.34157016873359680175781242652577262E-0008
   1.04952890139359694260817308139067887E-0008
   9.83925053366908320674189816464338078E-0009
   1.33378697293145315987723214474868113E-0008
   1.06740807150972300562365301178319422E-0008
   1.31937364737192789713541666750926103E-0008
   3.32872713765790385584677422008816764E-0008
   3.52084067958291554386795967628807025E-0034
   1.26663397884730136755741001769847076E-0008
   1.55140536234659307143267463508783252E-0008
   1.02212652564048767089843753173485454E-0008
   1.01928081777360704210069444720293782E-0008
   2.14345778363782006341057848154891197E-0008
   1.63471620333822149979440786451748070E-0008
   1.27788203266950754018930288375890128E-0008
   1.35507434606552124023437497758097180E-0008
   1.43488982646930508497284679957317243E-0008
   1.04746071710473015194847470594908145E-0008
   1.27082214105960934661155522520293468E-0008
   2.20977447249672629616477275315925001E-0008
   1.09042351444562276204427082892643118E-0008
   1.42254461736782737400220799368783692E-0008
   1.08959787386528989101978057265314579E-0008
   1.01281329989433288574218746338726933E-0008
   9.79967548378876277378627215284828795E-0009
   1.38732139021158218383789056128782996E-0008
   1.53862250347932179768880209822034701E-0008
   1.11042306973383976862980771867927514E-0008
   9.44831144978415291264372081468440459E-0009
   9.95243209655638094301576970557276419E-0009
   1.19653784415938637473366477977442550E-0008
   1.29636776234422411237444205125348838E-0008
   1.30308571418649271914833472965811084E-0008
   1.11226811362751599015860723349380246E-0008
   1.93525673979419772907838980107887769E-0008
   1.38146181901295979817708339491795250E-0008
   2.81920694730809477509045208342475202E-0008
   2.71979989784379159250567042516104701E-0008
   1.66603260570102267795138899124212997E-0008
   8.53032740504717598782752730331439243E-0034
   7.69035138476353425246018615027568881E-0009
   1.09672934437791506449381512010665499E-0008
   1.48881296279715068304716677658205590E-0008
   1.64196963476784089032341457084654118E-0008
   1.70200465894911600195843255616795508E-0008
   1.00054811420185225350516192768323880E-0008
   9.96252810451346383967869711452124387E-0009
   1.03350935710801018608940971596963713E-0008
   1.45652710957682296021343912662865933E-0008
   2.03770075647814853771312823247589314E-0008
   1.05006620287895202636718746170208055E-0008
   1.52932970147383840460526312573123165E-0008
   1.12096993736438937001414112540147075E-0008
   1.96409811719487874935834834310671894E-0008
   1.03064400108554695225969153158111825E-0008
   1.32946297526359558105468743701607226E-0008
   1.80445545364493205223554450801906811E-0008
   1.41646923133876265549078244383194500E-0008
   1.01702108261096908385495107574761862E-0008
   1.11398375814869290306454607563563187E-0008
   2.37778294831514358520507819707190964E-0008
   1.22757249533437019170716743722650210E-0008
   2.47787336294335880498776476398384473E-0008
   2.14124818078496239402077383847736403E-0008
   1.42481235598915078666772733519776348E-0008
   1.01895744187964333428276894264795424E-0008
   9.08135456943904960548485004192573286E-0009
   1.37458656631086183630901866030712465E-0008
   1.39947959362098606683874653577692863E-0008
   1.08822008614685941249766246489948867E-0008
   1.00916766218448940076326071638565289E-0008
   1.01184317221244176228841140220269437E-0008
   2.14117180709679102160267042391005950E-0008
   1.00522551552525588444301063673854427E-0008
   1.02657147429206154563210219465051053E-0008
   1.42143107950687408447265632976961095E-0008
   1.51586292385317311428561088877745918E-0008
   1.16111443597165977253633388714260215E-0008
   1.92808638353949611626782485393193199E-0008
   1.10728881106926844670222344870336500E-0008
   1.91343826286139942350841678634636494E-0008
   9.94554764749306552814987491084075122E-0009
   1.98099165980782464285877275223025643E-0008
   9.94865937779347101847330736746950851E-0009
   1.25994220153864370573551269772345473E-0008
   1.19446088898588310588489877928669364E-0008
   1.27267642030576327899554841573361518E-0008
   1.26705604738422802516392322074824704E-0008
   9.66569116190735217744270260556381963E-0009
   1.21923349389250864062392918744746816E-0008
   1.80868917833203854768172553851820627E-0008
   1.12009604044001677940631739648197939E-0008
   6.75146678924305826170831647722544373E-0009
   1.89209427937107571100784516535719487E-0008
   2.91329342871904373168945331525006631E-0008
   1.37990961472193400065104175743113076E-0008
   2.41962872437886462723913271892371362E-0008
   2.54726504952814735350061607568541814E-0008
   2.44711158509419216373102434954289749E-0008
   2.55362641426824754284274178075423221E-0008
   1.01829064078629016876220708803363701E-0008
   2.39197684023233633192758723893975989E-0008
   1.22648583153101402943528549475844022E-0008
   1.47911278669617614840198149742137951E-0033
   1.20972665820934975794119430294452210E-0008
   9.62939408894341725569505050265060824E-0009
   1.35004004989644043318187983546049851E-0008
   1.04782608986803979584665015436363813E-0008
   1.45324123795739466086366075392314358E-0008
   1.45527297012341111453611502272184038E-0008
   1.00324137343300713433159722188340118E-0008
   1.64783320060985929825726698364342000E-0008
   1.66771852710440646122841895088389977E-0008
   1.65501146314098783161329203908332795E-0008
   1.66695329642070711945458290411134879E-0008
   9.95247059368661471775599859538299530E-0009
   9.91741404208149893064025456663939045E-0009
   9.97810480250439173738721392355530954E-0009
   1.19386761859580353423432004921027623E-0008
   1.02607171154684490627712679821953060E-0008
   9.76594084681108080107590221432815276E-0009
   1.54738189263447915038017358559574961E-0008
   1.14544361297573362077985494587509700E-0008
   2.01221524007819794319771440840973545E-0008
   9.91361432915065912592331024569484839E-0009
   1.06463752066095670064290352881603675E-0008
   1.18265631577826493623240898831193305E-0008
   1.51646274485086139879728631720917423E-0008
   6.53183639347796736199871366808462929E-0009
   1.13537538851091226974090957574877154E-0008
   1.01529181964935794953377008342412067E-0008
   2.11114708620768326979417047225185123E-0008
   9.58892429294954439637008023410595043E-0009
   1.02554162068268920801862892609404105E-0008
   1.11261747320586780332169457255951854E-0008
   1.31200067698955535888671812607628070E-0008
   1.93256664998042657508613144191532460E-0008
   1.76774779834819060784799086761792635E-0008
   9.99078255980932639420398121771896151E-0009
   1.42425982985736393347019124842480388E-0008
   2.39764851743750499956535546415206375E-0008
   1.00148296830839062311563149341056338E-0008
   1.75760123421421308003499864215776181E-0008
   1.11786426887625739687965012682486821E-0008
   2.08214658295967169767300723361404955E-0008
   1.63629438782877781811882522774008301E-0008
   1.52012199838781914515802046744475600E-0008
   1.21948433780046396477277855433810101E-0008
   1.15158852267838110124444667025293083E-0008
   2.52391679356966553063228184828469573E-0008
   1.12325402109750679561070050116416983E-0008
   2.12114007974212819879705239372710331E-0008
   2.52390843039999405543009449554280557E-0008
   1.38677299556353788697317744483353258E-0008
   1.25300932633976696589805593812792778E-0008
   1.00104241735405392116970477810553669E-0008
   2.49321742281729345163587630958788180E-0008
   9.75456054880191664119343535198928653E-0009
   1.35879900021468355356018418656766579E-0008
   1.38970790430903434753417980322711219E-0008
   1.43734674516914261353982462877042487E-0008
   1.46608394432953128250696327351842613E-0008
   1.61114797795460345273349433941418371E-0008
   1.04415410029840596178744680255520807E-0008
   1.56651078704892406387934620174185450E-0008
   1.01591324078311261377836541744106425E-0008
   1.45634958101192694059841294983537029E-0008
   1.00869025724629561106363908381171171E-0008
   1.62788241838679258069843832078782561E-0008
   1.46197991628084600586252162453252519E-0008
   8.09819679349087751828707247983964647E-0009
   1.01069733262898362412744633787664185E-0008
   1.49449831416102381527121286621782270E-0008
   1.02591002359986305236816398301549416E-0008
   9.86203038831002748192255235171109840E-0009
   1.42010685522109270095825190688989196E-0008
   1.44174729070779102951733075847654937E-0008
   1.37845178176233969112434080185716540E-0008
   1.82704672015506058490922410738805837E-0008
   1.08471688102273380055147097171898283E-0008
   1.79594857533030757089940548678882478E-0008
   1.87826373397363621054343678374369458E-0008
   1.53419190223648208350950913700037793E-0008
   1.10628137078422766465407142247410028E-0008
   1.59997350573049564110605340998755552E-0008
   1.32762319740972348621913331547959953E-0008
   1.00990291684865951538085935559451581E-0008
   1.01028730706223901712669523567758552E-0008
   1.04872424985137833675868131996772391E-0008
   1.99995334934721761774794099638594103E-0008
   1.09287252281467581904211719379711803E-0008
   9.95916909434729152255588104353425689E-0009
   1.90625479149799536450117934598678713E-0008
   1.30127164334434708324047350273796105E-0008
   1.97518992739555226069062734170961843E-0008
   1.19126608214256438342007718387394173E-0008
   1.34178452963869159038250311725853885E-0008
   1.23846958714394687532304671090277977E-0008
   2.00065995061210452708428225302746155E-0008
   1.26513311572905097688947378884434417E-0008
   1.06602965388447046279907229555047395E-0008
   1.00199916643148238680004007262387754E-0008
   2.21642656846685819163721623258621612E-0008
   1.20089042180201463532029507432042711E-0008
   2.17150875563452662859421070258459640E-0008
   2.01716908992713560228762414664555993E-0008
   1.00821621758355335755781699630395677E-0008
   1.11675913574109817373341533916363304E-0008
   1.10569886179728825204873832800646418E-0008
   1.17643839285637323672954868641610269E-0008
   1.01996541142146638099183421626098310E-0008
   1.85601046245734570390087156063272822E-0008
   1.51033453198291267020792885288608995E-0008
   2.15576077026839391524050498905518319E-0008
   1.03323469055372302003485394950405089E-0008
   1.37515598908066749572753897045220959E-0008
   9.03216546644839261082692956547086471E-0009
   2.41258277120992295012986286249851188E-0008
   9.92055861145227289003599872312545846E-0009
   2.47427288129864657511476614193325519E-0008
   1.49767494841231679429813338572738926E-0008
   2.48435206571215294240935992068539458E-0008
   1.10138409162083497414222154143931203E-0008
   2.50511220656335353851318461411701568E-0008
   1.50049677778813374569138472420806033E-0008
   1.00186007330194115638732912659086244E-0008
   2.18582521396804140858441283036655282E-0008
   2.56525434827106812643626304430215027E-0008
   1.31537450690065389094145387739650353E-0008
   1.22724207279485041700948895122326272E-0008
   1.05549891789754231770833402821080448E-0008
   8.96063180584505960871333292197131074E-0033
   9.34562782198915453736419175180285686E-0009
   1.21042605258466661438461374187919512E-0008
   1.47964885372050020225259824443303354E-0008
   1.00602427175125250449547397915862615E-0008
   1.00678903000764691509962985545343406E-0008
   1.36240292940366984778688282400754861E-0008
   1.45314014543329468244835449857552732E-0008
   1.03324661419416467348734538500151698E-0008
   9.68932068164302211887431623854085912E-0009
   1.50092406206260106169191449019606601E-0008
   9.94609780470083715317401114175419795E-0009
   1.44227126825239453742753257262794939E-0008
   1.09764650272773267168094686077888931E-0008
   9.97140348233558513500072546956872475E-0009
   1.27500552010492205179925354680689676E-0008
   1.64403472273774883326362039776644935E-0008
   7.25040181250833384283296146669561045E-0009
   1.64018274517729878425597943802448081E-0008
   1.23237259685993194580078123186944877E-0008
   1.64323021148236981336621159860758304E-0008
   1.17607547896107262007165990328841153E-0008
   1.64285168682372452114983445337068003E-0008
   1.48611043089179582493279575213574543E-0008
   9.93781473620661667415073887708390113E-0009
   1.00538813336288350969022666290092139E-0008
   9.93315926596112813509947870630737800E-0009
   1.23667626151347750067289520780206252E-0008
   9.96744706177375686000770295054405832E-0009
   1.01458761236516007205896228768731776E-0008
   1.20820074628752011519211979889743622E-0008
   1.45784965578388773190435268863298598E-0008
   1.02388892426258987850613063786497577E-0008
   1.02507133730912780885465435648498697E-0008
   9.90451020509775342612430974898044598E-0009
   1.39102307740355684994831933011665590E-0008
   1.56675288389908940824743805205591184E-0008
   1.84257387383459549104801315999255488E-0008
   1.14727806997624840460667001402152829E-0008
   1.02852196906203940763311867687563655E-0008
   1.99435964679798564395389089360922835E-0008
   1.33527969915626777542961991590247432E-0008
   9.94197347267037070037534507650501579E-0009
   1.21135933925849338837690552959394838E-0008
   1.06733447561661402384440044884373797E-0008
   1.00678102340722499891769048265869034E-0008
   1.17905206657600718618228758293347790E-0008
   1.30772851323001947340005233384878567E-0008
   1.51010585556689061616596481122493939E-0008
   1.68593003048149288677778646584199061E-0008
   1.11372025095358539640513908096017281E-0008
   1.65925724871747850983461105002091006E-0008
   1.15564885222679608828061617984945393E-0008
   1.18598756647870716153610893518583299E-0008
   1.02264288392278455918835039957952864E-0008
   1.48797076467987617112432836868100480E-0008
   2.13687412607937287061642292103088267E-0008
   2.00791063094764543227113672628869282E-0008
   9.91996877847512246696812396042316146E-0009
   9.16112358460114115760441341821450361E-0009
   1.02819412168634088733528221844420080E-0008
   1.29055863647348591205825627571235378E-0008
   1.15089118389160893623184259199229129E-0008
   9.98697599993148660958747488993521061E-0009
   1.30916305352002382278442327050351130E-0008
   1.72869697954096596374690040483516975E-0008
   1.91711088908570153372628406635905202E-0008
   1.18359331554811067256396076843252899E-0008
   1.74413462109104902655990055530765902E-0008
   2.18726983383441200623145527219999548E-0008
   1.00656568506258351305511118035624024E-0008
   1.67182648560852495902175271851202768E-0008
   1.42062185105027222051852992426233423E-0008
   1.16251999799637718403592942786522749E-0008
   2.43350024737248366529291188009665071E-0008
   2.33520650631238866788743061937187741E-0008
   9.97757327361368989369955430997101314E-0009
   2.12039922517178966118408796034726885E-0008
   1.75633937839145387361149709467334835E-0008
   1.13157213165132857080715835224901741E-0008
   1.11716265867774685223897290889074340E-0008
   2.53795360144882708876352297194497853E-0008
   2.12420936751030605925610722528033635E-0008
   1.17025353995929293576243326219649757E-0008
   1.50939312708728453692268000905202814E-0008
   1.00421257389783094530581031447003192E-0008
   1.55564015989916192160712347959700279E-0008
   1.73649637798341561336906821460779272E-0008
   1.21453499453965314598970625171285896E-0008
   1.24313874698271030101223237398387977E-0008
   1.17256630712048812753203160437487874E-0008
   1.32680337162156957027204487551938864E-0008
   2.53135165140760698537716934449184966E-0008
   1.05111709924983154224461329080354633E-0008
   1.11730384690287922109876455150232815E-0008
   1.00769473626503874773313496045235504E-0008
   2.11164826230907982045953731750845035E-0008
   2.67156313464346291660925000204642356E-0008
   2.47007610699251336229723067843961810E-0008
   1.78741789619687577368507807268198131E-0008
   1.37402371927216816484258442413847777E-0008
   3.54132346777279316043319561411709461E-0008
   1.27069061467887094899928744341935353E-0008
   1.21196781215063376679061875698260763E-0008
   9.97113400242394871181911880887032402E-0009
   9.97784970682294951581558583296363377E-0009
   2.33801843300050134816881042742884334E-0008
   1.01009333447217120283562974905944822E-0008
   9.91338231040492326348692545552100220E-0009
   1.43113576173973716285130582952449531E-0008
   1.31729324036557736292563011328525830E-0008
   9.81643156951663848164945618019970047E-0009
   1.37761557910024471904920490752118657E-0008
   1.24734930773290898903275637798595110E-0008
   1.48877621246061312991219487259029197E-0008
   1.11111741981499218394492770779785577E-0008
   1.47961781226268779206019634554105211E-0008
   1.31039643074521899782620590311132358E-0008
   1.62028596790340594588754352415520731E-0008
   1.22575850885671873887380028656522619E-0008
   1.03861198790292156503555582659771445E-0008
   1.22183882439909231125201617333130752E-0008
   1.49358591385414853455528564354432644E-0008
   1.54128803487309306309531517604112324E-0008
   1.01882458119162995564310160347460513E-0008
   1.06558225410495422721847697135706413E-0008
   1.46422361472319245962572441364571022E-0008
   1.35948513415654240949346696617721279E-0008
   1.00838709234570463498433278819723734E-0008
   9.96859463547090334551674960697307093E-0009
   1.60521338075529687454045664406958097E-0008
   1.74364141018300747994612915857164197E-0008
   1.35830502126596330367412804341852435E-0008
   9.94753049769448379777697564205640675E-0009
   1.41618982478319547879390117790586049E-0008
   1.76559764501231405741113562249436886E-0008
   1.01227873974308675649214702362307404E-0008
   1.02716850507269795917675974982043143E-0008
   1.55694643641245281938368893550941067E-0008
   1.21387748100759485099889087836410934E-0008
   1.02371253741133694696908060730563791E-0008
   1.73943358815394773591375357298098250E-0008
   9.91746843219196526848491206805490061E-0009
   1.50217706767053233650991535384150244E-0008
   1.41643613460473716259002552002027495E-0008
   1.28515491094713115558362624641951561E-0008
   1.44302691807924070168490382849037477E-0008
   1.16708413829215832294956318801993936E-0008
   1.35261312733395117344242670020952280E-0008
   1.32849430726455915489314516499030230E-0008
   1.86468568795963919955521670312759707E-0008
   1.05222995110949917858882938463568998E-0008
   1.07050558047679563363393183298788036E-0008
   1.77721479977509530584503234621063882E-0008
   1.77741373879210341994355314527018484E-0008
   1.33454096521966956972785702439775582E-0008
   1.86394139993212466101044144759984830E-0008
   1.35555054251663837825414954740929194E-0008
   1.54776424334040316550628035848729067E-0008
   1.18304616266704467405755697109406951E-0008
   1.10591757290351849335890424403507837E-0008
   1.00577856557515206382714886921743710E-0008
   1.60198331495544218132940684758115597E-0008
   1.58492974819713283267965855584901184E-0008
   1.23594959621273335956391920755996835E-0008
   1.03059219305802826855924512876098053E-0008
   9.99124327032292764898725050567301614E-0009
   1.03894503927243604868580062159444028E-0008
   1.01488626140327948444294533876626763E-0008
   1.20304139272775501012802122871605712E-0008
   1.03023055042610219526738734379209094E-0008
   1.24509718174505237254381755065430809E-0008
   1.99531067639293375416337384186632315E-0008
   1.04693260142500436319893570201453166E-0008
   1.08644747152263948390650118373105890E-0008
   1.26991162561161093534836699438405308E-0008
   9.96294181311020144709834358306935495E-0009
   1.07112220248130018936844446939132855E-0008
   1.90156209222223472348006894649076311E-0008
   1.03916104778583193647450435814533983E-0008
   1.31549981183483513123398577880768244E-0008
   1.48048005423783505808570545518708911E-0008
   1.99109258760908644085061082698042143E-0008
   1.47427558068372733500660850250308323E-0008
   1.19307845703918825496326786760099810E-0008
   1.41096729140431998200427191585231871E-0008
   1.09233914623489999528384376951379387E-0008
   1.09960516799361135970389034812199029E-0008
   1.24409534446139996116225789810816642E-0008
   1.01421862249419595418351409824889334E-0008
   1.99312766231627792387265326041321667E-0008
   1.68252552233655130703177416088174649E-0008
   1.26423661380873194762638536009771931E-0008
   1.65927352511167385198490951580936085E-0008
   1.05423411393227676550547317985061144E-0008
   1.78881293399406064243908944628616235E-0008
   1.01019588682338990996369227598502522E-0008
   1.92059722807922423149049780441342634E-0008
   2.19226966800254314218848776187062380E-0008
   6.94358627347705455926749772243989443E-0009
   1.19455108417018333025145806599816122E-0008
   1.82067007810963598982771513043913006E-0008
   2.10112558191542525869269738366702465E-0008
   1.87750756079868732064897347512376811E-0008
   2.07042356360825183598891567163814013E-0008
   1.19463628461764248617300537936438914E-0008
   1.00801364830906756899573565004398136E-0008
   2.29004519268946790540707621501836016E-0008
   1.11667132245954768411044491704744971E-0008
   1.95103659221316657720073755120302308E-0008
   1.11036031489967980098314968429905680E-0008
   1.06086188551373540461701622057762192E-0008
   1.25372212213010360033084400390624332E-0008
   2.48182439110624089614668814499216841E-0008
   1.02845428665069506523456986151417333E-0008
   1.47511389807475663547556185553785657E-0008
   1.84769860579300734956386052797579094E-0008
   2.06242758197041452876105142179216409E-0008
   1.48041810446668353387574977278794644E-0008
   2.46540232757596593154104074685178687E-0008
   1.96643301604722603028562325584983039E-0008
   1.59210117328306757679025651713040381E-0008
   1.04042692899033738978238339549764207E-0008
   2.30870692065230615452585052890960166E-0008
   1.38012789345035950342814166417242568E-0008
   2.55540924895484108872819880897291230E-0008
   1.54460089016006293385850174951514508E-0008
   1.92531178209845817360572139157125339E-0008
   2.40833821205214466437820621612732839E-0008
   9.96236961974627962431957060756514234E-0009
   9.92877587736890854413617186475116676E-0009
   2.60059626418494789629746038489806481E-0008
   2.45525400520714580035600495631655636E-0008
   1.51440334773683398657293642323071421E-0008
   1.51542809937976072637402517102887944E-0008
   1.06730888874598166121970321364872921E-0008
   2.49187351295315637821104565354243176E-0008
   9.92687639549401027677508869799983653E-0009
   1.09832807895793440008935648492680607E-0008
   1.94961727964879963735137504830781919E-0008
   2.48966839975647387966033296573752979E-0008
   1.48556278997440063497670189998144060E-0008
   1.48558727408063609197915417254689268E-0008
   1.46008238071792260678354354490397023E-0008
   9.98844188870862126350402893763473775E-0009
   1.04330787664054411495041194521561019E-0008
   1.72445413274356568477068287769763710E-0008
   1.99553805598285545411688157926853726E-0008
   2.60446944998370276557074568439804771E-0008
   1.51144070847600809123256287453511810E-0008
   1.33789348787133004001006625372763076E-0008
   2.13508455622831039880154035331255660E-0008
   1.22844518389640830633208760471108227E-0008
   1.37361476186060022804264109915068232E-0008
   1.00927768382426424353730533593126179E-0008
   1.52693730605850014434635316299481225E-0008
   6.38045939507776176831518047038370617E-0032
   1.52896377612014262996919629850308430E-0008
   9.79868712239800898017586334218045368E-0009
   1.36722078025838342106458048275471687E-0008
   1.21158794969204784363739181825021432E-0008
   1.15721440699867493467589150788329568E-0008
   1.46503882213184631584233896684588509E-0008
   1.35091024472603398538508433039595122E-0008
   1.01428388286596880509303164875148629E-0008
   1.26139247275103730884257342350994588E-0008
   1.00720509769880280640846830784030029E-0008
   1.01175459936959223811074846220776329E-0008
   1.36658243940723704472753137164676817E-0008
   1.29234749259748717858677820882539637E-0008
   1.42186710094973735312998524376443216E-0008
   1.10056107259396131396067312064067237E-0008
   1.02901332976409431659814099583802890E-0008
   1.58169699207477320851811050545344561E-0008
   9.89527232480402332994173053750315002E-0009
   1.12568981380538625568993325972232317E-0008
   1.51690142218258119839474526032374420E-0008
   1.18094235395455268154001213494394554E-0008
   9.95856844179143898942498239116073754E-0009
   1.42040819546564647527498666247035382E-0008
   1.44042309357110522131421596551206606E-0008
   1.01829626576544012825804290073357976E-0008
   1.15309068596650081163888173976301109E-0008
   1.55132933124962067559831125342097228E-0008
   9.95782169478910940664786366287982763E-0009
   1.03057912731514778848937149099056007E-0008
   1.25665453475697234107999247997327062E-0008
   1.36581943136177662053380216266202356E-0008
   1.63663036587155040572670952329458101E-0008
   9.95799032060766951480043029247498196E-0009
   1.28594113851453078699199132776237828E-0008
   1.07642322632065298243458121897339195E-0008
   1.61869742654359144886044212268975185E-0008
   1.35549806457166415800379646028972073E-0008
   1.21705695412608540870926859408223962E-0008
   1.77740057122837853518241996292376766E-0008
   1.66236782535924103812894957811877127E-0008
   1.10283329280090786072056760707566567E-0008
   1.19903028797335579776161615730157263E-0008
   1.07172332013965592728004762315665282E-0008
   1.64035450227025949912105417893671295E-0008
   1.48905264739326704661336833804038300E-0008
   1.48261392903831323415147795448631041E-0008
   1.62835687354968424240037548951098767E-0008
   9.93438464190278734479631597046334416E-0009
   1.17796627037769180196279344625598955E-0008
   1.00346824183361604809761050364806089E-0008
   1.39027468266803440414567902479145752E-0008
   9.93427194564946735581607694387546280E-0009
   1.06748560197812101218552709697183694E-0008
   1.22360701547473234654315169684423995E-0008
   1.82507660185936279923406653759858440E-0008
   9.96662723556370802328620134067375225E-0009
   1.03776614218627009377119159763887697E-0008
   1.01814070500008631170841716942322627E-0008
   1.25576179336361756675506161146321829E-0008
   1.20831268409696909097524813355676764E-0008
   1.34515306041482510939110076794377977E-0008
   1.46809763293137339037885419842224628E-0008
   1.00997061488906974377839493202775997E-0008
   1.02318153949454426765441913877846229E-0008
   1.77528617341033839967676162407042404E-0008
   1.02634329239940141878738494964449434E-0008
   1.08266634145684842670107966798166050E-0008
   9.94086490365965613003434899610772575E-0009
   1.01331900086405361632266719884372789E-0008
   1.34520454706681757858119125473975197E-0008
   1.41946686735583587484130626523916315E-0008
   1.57011116193830711792593141309038270E-0008
   2.15212215456025054057439786644001735E-0008
   1.86952293130633526135223066160354634E-0008
   1.85783714499959985533605280345862606E-0008
   1.14721898375582710212590759426727697E-0008
   1.11220007058089134142637604953939714E-0008
   1.03196124639954039100873283940723199E-0008
   1.08649791371000082863970569876319718E-0008
   1.98801653577656661336486481244311306E-0008
   1.36629225003307694679167119108637707E-0008
   1.38008088757940928642998509329166188E-0008
   6.81264802031884235995156856448540981E-0009
   9.94659419407468014115455190327128705E-0009
   1.21394774850307366306857597984524879E-0008
   1.19126756708830732067293115832077169E-0008
   1.89070192201433078275499344478540255E-0008
   1.06843557053556044896443613527919431E-0008
   1.64246681022014974084947523085401723E-0008
   9.97659184353463227962734756136785671E-0009
   1.02844997231924217534104802066753342E-0008
   1.17615132056028637664997106706231067E-0008
   1.22124678575556940776257563570150859E-0008
   1.33466839164755961830072997078045460E-0008
   1.49573408463939907768805437648557113E-0008
   1.50505097975072107816997523969799729E-0008
   1.84936652658507227897644368958257838E-0008
   1.68004425788359319577452014540323119E-0008
   1.03348450684815541568247118349416177E-0008
   1.18665845661037571095173699967092833E-0008
   1.20450522074106318016231253159943325E-0008
   1.61740108790727034939227967983495878E-0008
   1.15605989850610797482777411911751261E-0008
   1.15238766408186744559895069809995076E-0008
   1.94986351689324160280065143323110197E-0008
   1.19008043980411280995434020086235498E-0008
   1.01124218085619751875543031531028043E-0008
   1.02423420626549951491817308827253476E-0008
   1.56124746568006839777152461390801096E-0008
   1.47081955161130570857471033562942378E-0008
   9.95136401746840624327070428963620999E-0009
   2.14078728533469331570161216477240313E-0008
   1.02792811958352103829383763736625366E-0008
   2.00699438041462131534902609255964296E-0008
   1.06837994485322617743003851852877253E-0008
   1.00338467838729073287575099170942197E-0008
   1.57031706839337921294195587047420023E-0008
   9.76520852187633632667482215641562174E-0009
   1.19788004921176566752692246445387204E-0008
   1.02686326614805037462258537409006470E-0008
   1.30595888788087255252292840687548952E-0008
   1.23102632665210506329401253276876241E-0008
   1.12775187445786143616428350643809543E-0008
   1.15638047062466799650552201537197466E-0008
   1.27290986654048221217968359760526336E-0008
   9.94869382835035635666413603157249276E-0009
   2.23575367949628278449854847353418705E-0008
   1.30943590193055570125579568932459983E-0008
   1.35835282616342698309611337934154999E-0008
   1.71965296139321913739602614148358032E-0008
   1.64000424092945470409482025844947055E-0008
   1.90933781635502110356870226841897347E-0008
   1.08226062323854759682056468226256153E-0008
   1.18119146111897040077776308317642219E-0008
   1.49004253043942124664875621299780833E-0008
   1.73953493584930482837888520611357373E-0008
   1.02141289461667051048051005471611566E-0008
   2.20851716921270753328616490251160940E-0008
   1.15671240600876040905485339619557159E-0008
   1.00787747772753330096145353187766256E-0008
   1.49220468413215244665262858994702033E-0008
   1.69115568168439250154597103144994380E-0008
   1.47895731366477650767973504382626777E-0008
   1.41756395240053080204056214547095584E-0008
   1.43478181110103182279174759184129401E-0008
   1.15653972477952193887762638618288406E-0008
   1.53908868276917591849299467134788168E-0008
   2.44096416722503349636540764656385146E-0008
   1.85914445459008225311670373392756018E-0008
   2.32928551720216830916634849769110521E-0008
   8.22672801140378345910959031522298761E-0009
   9.96658263281997607414980897853656517E-0009
   1.18227585756501771117511423507036096E-0008
   2.10675994554281447295312428197423874E-0008
   2.36587443103109007475079246938838006E-0008
   1.75722491035856931152458086639342842E-0008
   1.99752127623938299682108738548907998E-0008
   1.13244728274719873026235709511795537E-0008
   1.51338108873633937091301623984428855E-0008
   1.11532634556559579713003924352164977E-0008
   1.72394335570999104280528156382976040E-0008
   2.50787057984915343652139700156829992E-0008
   9.97362197570813198884328732486786538E-0009
   2.13720706930747751653546466895775375E-0008
   2.25097053696374247948387232580393619E-0008
   1.17828157457133623219169119454988428E-0008
   1.95003546794018514772577654267791476E-0008
   1.48930827409083790638868018355519637E-0008
   1.66243755299604474601066593783088927E-0008
   1.00535524330430328190501481010103797E-0008
   1.45060789591471199628025821082656765E-0008
   1.56798694937691441056324119820285721E-0008
   1.46079012659084337362408052232390787E-0008
   1.91978269549641274893249199397462581E-0008
   1.15589124660293695013942626615578528E-0008
   1.22808435049211216527362414645687199E-0008
   1.00877063554559235497552214064461347E-0008
   1.22804304619026167885116865671683608E-0008
   1.09837628440987372665777951598634571E-0008
   1.17209815392284142660956529338482221E-0008
   1.53960057119432363718274983073909535E-0008
   1.33982133361013064037482490455397307E-0008
   1.04060300865391497131731874999948683E-0008
   2.53189212124762607031855632465810544E-0008
   1.62864755993606081737507624991997683E-0008
   1.02490378107343877753760584111567552E-0008
   1.42249219569304987297889908555435125E-0008
   1.11976286072084414107459036893249698E-0008
   2.19118379513105675152977444255043483E-0008
   1.03005373069304744699741693217143291E-0008
   1.13813022025652192691990160422380005E-0008
   2.10875441553071141242980785769566841E-0008
   1.00989998195440911337838894328846029E-0008
   2.64405787638988789097107729050194699E-0008
   1.53291472741811044904096181759814993E-0008
   2.45352587261431887324920914074260238E-0008
   1.05090701726149657297201754404199350E-0008
   1.77892500905215110577327527790583032E-0008
   1.81893753292678911684266972703473547E-0008
   1.34067387703356197041072353975880389E-0008
   1.45655971921413489010023066617973783E-0008
   2.79353686028498639704800944994646990E-0008
   2.07475546834554028260958721311721327E-0008
   1.27687924343171690762375936597425246E-0008
   2.36994483545066975836473814900421176E-0008
   1.23666452009147837301482726989776669E-0008
   2.60253515391142958560142277417241540E-0008
   9.96153378057190113597446020802810998E-0009
   1.98222140664883518537271789961693131E-0008
   9.97716002766890425513655733556238691E-0009
   3.33599423690000870992862891355804077E-0008
   2.29982970519125132270939432471929266E-0008
   1.10814780469056507893677516704005317E-0008
   1.01058466205073228059721529487925864E-0008
   9.94883837852741692835231958752598590E-0009
   9.95138869476939582235210448207922217E-0009
   1.03256809559026483921602418816376938E-0008
   1.36853605124075603607582486986466574E-0008
   1.11645289614577503765330890839122841E-0008
   1.30609154578456095333307882738073077E-0008
   1.02120951488938869966897901721979390E-0008
   9.92009506934136532917009613992785518E-0009
   1.02973327328344857712992288809843292E-0008
   1.37128272794855191655780802015272607E-0008
   1.12504485353937731446695835836555173E-0008
   1.23292783967823138445373437734533841E-0008
   1.01583213926016016584771920521721329E-0008
   1.50049787850081417206171229073661741E-0008
   1.08451609474301398524388813519201402E-0008
   1.11296408016583254696384347912219312E-0008
   1.15986219044018932900229766634032266E-0008
   1.48389048145843609686820721631105116E-0008
   1.34739055027349245728261490775408354E-0008
   1.32080938310439488663270756281445709E-0008
   1.28029815718343660953532997302626841E-0008
   1.62902939765070400693837128196908476E-0008
   1.18010346642320786661235879646643484E-0008
   1.22519938183055880169074368921129190E-0008
   9.98904449495049156298172913611321329E-0009
   1.03981077932366269065978660111629480E-0008
   1.83646162110972181110980515332801276E-0008
   1.24363364663842166292256550889607587E-0008
   1.33273089212050895817232031967226164E-0008
   1.47944880520405060557462082872509340E-0008
   1.00119842479710253090886758183373928E-0008
   1.49563479045165474170273488448530012E-0008
   1.33549435108983508840065964552034138E-0008
   1.01877767041227535197609282185025724E-0008
   1.35818381403553276353376960459522909E-0008
   1.07179949185320572179602883017659486E-0008
   1.60996421751170144520143171939122898E-0008
   1.46544643273060234429324768756664315E-0008
   7.97468672709667361250109765680077133E-0009
   1.35167434378986079099907091849482645E-0008
   9.96463857914443762858812778199244348E-0009
   1.00758370535913854837417404105685608E-0008
   1.58450889629124141793567345472468666E-0008
   1.00030996242361203706883812680325151E-0008
   1.60197582825608841408088109167875067E-0008
   1.59447097597725766619252497825591059E-0008
   1.03734041888186681586743150001734932E-0008
   1.73859083569666986818153724535259006E-0008
   1.00337227547330962073418475846166451E-0008
   1.33876870002251924927701198070778592E-0008
   1.00201789334080328246724743370399933E-0008
   9.94183943396452742516228756351974565E-0009
   1.05319182911232611181188046507470647E-0008
   1.51873162114777817175938350987023067E-0008
   1.48582861171903419004283278882277605E-0008
   1.74521612461365740317518771485817144E-0008
   1.75210669642524843700087535260629750E-0008
   1.02098993568001695129336238395605128E-0008
   9.82693760816354874023207450275045370E-0009
   1.03006951546304771539212488604677385E-0008
   1.72261139409015430883045636122233198E-0008
   1.57053807297092744239090334619984827E-0008
   1.20007184699409539812493770501385894E-0008
   1.20913947411500436218479410315697221E-0008
   1.17128855489487565498135515112383804E-0008
   1.02357106045772782479873727387936976E-0008
   1.66133933523429080862715832028430647E-0008
   1.73149773142428397756979733504398185E-0008
   1.10762085803673139908028823920821321E-0008
   9.93042530394837859287933001168412866E-0009
   1.29586832072175227086921356136120722E-0008
   1.50072213258417171512480036217069321E-0008
   1.50631855691297070702563368851923302E-0008
   1.40761585498694330453872241895571048E-0008
   1.01079901325145501471339671570978928E-0008
   1.28658852748654984829580326698223062E-0008
   1.00787342982328987470451083737847173E-0008
   1.44429116096319769745442666024532540E-0008
   1.00250745389027729260255178622134159E-0008
   1.17036020929748065325965777581514561E-0008
   1.69847622767879594177413943779050658E-0008
   1.34522055629018399089870179838332187E-0008
   1.03303967791769051479983741863227442E-0008
   1.33439594540022095136436801083798721E-0008
   1.03158741250548640360226765941280603E-0008
   1.86903737369280198377929491430380241E-0008
   1.30658110937131265221853320260169287E-0008
   1.04064892155346540729595210804359821E-0008
   1.32879084193981909678757332325890514E-0008
   1.06794651205121886496450184943857866E-0008
   1.57453917191285358438658511696363185E-0008
   1.78627897629664907992469186784607884E-0008
   2.30882809167572607596715822305239611E-0008
   1.77140763542677343982021665346614510E-0008
   1.33466886588541453933382034531418165E-0008
   1.32548786934195800147352282795280396E-0008
   1.03840853075686681513218522153850394E-0008
   1.84951222233826891311162986805662010E-0008
   1.47165493410394639905655194915756184E-0008
   1.34714465334923536523491250807950212E-0008
   1.04743348515649948904274977783381256E-0008
   1.54826281779104897725409273604216535E-0008
   1.02941951845247782676944723811608867E-0008
   1.14349377217438879860452301342140641E-0008
   1.41722851900377385901056747713541981E-0008
   1.10509902767192285794478023109883293E-0008
   1.07106956090733530793656541389057996E-0008
   1.00322227477128405293686603552328431E-0008
   1.00239092629809980977795096193591341E-0008
   1.59966181885004355505322835351713836E-0008
   1.22910544251358406918664275773244644E-0008
   1.58920358644145749829407963846131443E-0008
   1.78110699797689102154948796211302137E-0008
   1.21613343903196177312306336436082950E-0008
   1.02322806863787813238383227505955857E-0008
   1.03350103687573248639950533716574426E-0008
   1.33051042617831715025793875687267452E-0008
   9.96711795351807893169999652029259288E-0009
   1.43597821854265026483662034427973315E-0008
   1.04090504873213446291766826100607699E-0008
   1.08411440947337720406801241782408625E-0008
   1.01444953234365455946832415015376654E-0008
   1.19456531775380880763870353498895222E-0008
   1.19491305132910116192172490469544273E-0008
   1.26859356214748706436605660214177246E-0008
   1.02716047206659639525301422348899756E-0008
   1.26720336618144578297141312972081503E-0008
   1.26454431375804078051998964379360427E-0008
   2.03267840153029820288134153770153338E-0008
   1.99251801766146183292442988202806720E-0008
   1.24036786608659317814761403288126303E-0008
   1.04482806990573579979526509000602152E-0008
   1.78478798233966014594081792539389389E-0008
   1.08243543658064418407373612531759845E-0008
   1.18755772024757200668151327229501041E-0008
   1.26314868314982837027159262930105134E-0008
   1.46592287529842131625459779556242890E-0008
   9.96216705836424673045123093629384341E-0009
   1.85034538997233592275249902621298430E-0008
   1.06547965954340710444483491066999335E-0008
   1.61288195911895874737318197241785515E-0008
   1.89793700141610131354376388761233696E-0008
   2.01544698352864659439570953033538828E-0008
   1.03624891370150860099271876923522585E-0008
   2.07343365102642815641365966814226037E-0008
   1.31622532159923105885129561834145034E-0008
   1.41483460975996109807409672608141844E-0008
   1.44138489377011440574986489922209571E-0008
   1.93997023286231394324984739576852419E-0008
   1.99199097318607743948562727553032954E-0008
   9.96807359826754770128048957785320250E-0009
   1.44761687183154933578875661007352564E-0008
   1.29513380285781576161498288544409372E-0008
   1.19386310292280871759761528343857321E-0008
   1.11536884125204234638766419145386873E-0008
   1.41091575852708517237990413418752539E-0008
   2.18700196304345885260053693055449334E-0008
   1.03673342208702504904561573184995603E-0008
   1.03600490095072799483261544656818348E-0008
   1.09466415325303995061001604287136894E-0008
   1.14999432369395712518638089623507528E-0008
   1.24019557866582495940698336626386925E-0008
   1.78061242291237766088665117765438699E-0008
   1.01332486511647617549038999550986298E-0008
   1.76649188415773733446895156910534652E-0008
   1.99199109982293007285605540052227081E-0008
   1.06257285752330702277941114358526736E-0008
   1.65791461096655408658037724926726110E-0008
   1.16706499858341809341361524059453103E-0008
   1.26154710804777485983712577606471329E-0008
   2.19034250338340942294169710361930692E-0008
   1.64640278248112484862516471530928182E-0008
   1.57277102823210186071205038767321396E-0008
   1.05150037496868107053968793923775646E-0008
   1.55532378551053280190675481722788851E-0008
   1.79136413217261753678982322839073909E-0008
   1.67844943259668650965754077242167505E-0008
   1.01178750255149253438004220311348524E-0008
   2.29061617212400910604065890114220892E-0008
   1.90306450921652024451471452181476289E-0008
   1.00955403488160951972796285277890012E-0008
   2.18513113623977298253432332269934545E-0008
   2.22040452041151719239546039233452055E-0008
   9.84250618785154074430465992393367565E-0009
   1.29906118305414837389431975317650317E-0008
   1.19447250063674066934669167915505097E-0008
   2.03556847016539129858014121339498222E-0008
   1.81068081121967648944656960509803951E-0008
   2.16287710335578952656417444845420866E-0008
   2.08154225462181371632622107233705971E-0008
   1.72509018765006954766476337657046584E-0008
   1.82274619624413568161281801935266004E-0008
   1.96097726203750523052484849933271309E-0008
   2.08251608653328098032785626209169545E-0008
   1.08928397979729391238070831304909094E-0008
   1.18011075657286828711079738173768511E-0008
   1.41042891323121460326185368325319615E-0008
   1.00874104721016085251069228096792718E-0008
   1.36747829290814823596864306395689135E-0008
   2.27364477367765425058729355859938197E-0008
   1.97140585165282464239589904168806856E-0008
   1.11782779201568136441296431981848818E-0008
   1.14452546108158182982350903459471584E-0008
   1.97310472323943520345355079767640911E-0008
   2.43234447329932829779278158716675346E-0008
   1.11061559796189417654864030569333431E-0008
   1.18800259661865255936165646109944058E-0008
   1.08679928192711780266537210363365611E-0008
   2.14625438980329881377398755852253830E-0008
   1.26529524787368937435312957069324999E-0008
   1.02811408015055628642519462531207067E-0008
   2.47266406809675570791845349075865058E-0008
   1.49022697313196254900088701236128601E-0008
   1.03054805955988295534823802098207590E-0008
   1.19240265770835230893017766053219987E-0008
   1.46966663307192460525060800750300569E-0008
   1.66898030835667512481310676219339264E-0008
   1.84325903843520051341945993668515379E-0008
   2.28076310627835078371895492311228172E-0008
   2.02002818400086293560127800866933915E-0008
   1.41965745919489290923226187852101004E-0008
   1.46709678929524087516064486759311935E-0008
   2.27201907689248513944596423558176405E-0008
   2.38729896744572263407079255202627510E-0008
   1.15230688241642892956106791355138231E-0008
   1.93193450630270727291829326487570023E-0008
   1.18778068336978474590860626344193789E-0008
   1.58581812838575679738566151525833472E-0008
   2.40345317437630439303932643280813697E-0008
   1.03750436860974488398021407977593119E-0008
   1.08421772180282405714816786861270505E-0008
   2.13577630533648427334732005310603325E-0008
   9.86641736310429393281777562924959450E-0009
   1.37706592795439064502716755915228846E-0008
   1.68982973989010468691308566836893390E-0008
   2.55271548542428593269380331782268517E-0008
   1.07202310496984728585893820327444934E-0008
   1.66216553402610540513676586382441535E-0008
   2.15116939602803964882008093178718348E-0008
   1.91278448116273366639826247153188900E-0008
   1.55646768460131366857573697355549931E-0008
   2.40603553682992865970311646968408787E-0008
   1.60497539808338852089871549828870359E-0008
   9.95024450829303007304053730439092852E-0009
   1.66576050401488549232359960384378018E-0008
   9.95365130601770823261865370930140848E-0009
   1.32822134207016697492285702388389150E-0008
   2.59856351084443759670369674116663655E-0008
   1.23930052116823693116506046736891663E-0008
   2.44924761273814212591921448537126146E-0008
   2.42195966364319546828799881211647177E-0008
   1.54129458589377910173013044431574338E-0008
   1.37394298884358382626865151892522316E-0008
   1.52158853390054511172431291902833212E-0008
   1.04311275431108077139300388512877131E-0008
   1.05838602331235564774748031767045493E-0008
   9.93320598646700912792830552376907803E-0009
   2.49213083340536530424909192990081170E-0008
   1.27758200418205251019013032170484613E-0008
   9.93446458835824455076008509252947033E-0009
   2.04850416958108902913578761868525143E-0008
   1.09823261883589608768219809544328968E-0008
   2.59240107551731237024821921767489109E-0008
   1.92847683321833939790124988519620553E-0008
   1.05461536505608232062230957953179043E-0008
   2.48536296919243590485664669228077995E-0008
   2.64248529049096120688369488165948019E-0008
   1.42801803541046490431791513024944988E-0008
   1.04745471909707739724585791945026724E-0008
   1.47929075825071134361397347074732859E-0008
   1.00299727956966638056899470681529992E-0008
   1.43861636920674155300151160541282764E-0008
   2.10959326279619046756336011958488477E-0008
   9.97937422653194516897202136789040057E-0009
