   8.71717916E-08
   1.59171492E-07
   3.35276127E-08
   1.27232994E-07
   6.22655634E-08
   7.10288717E-08
   5.02914190E-08
   2.72165323E-07
   1.82125302E-08
   2.70573707E-07
   2.52015894E-07
   4.00912192E-08
   4.72942531E-07
   3.74796599E-07
   2.96160579E-07
   8.21054016E-08
   4.23536846E-07
   6.99526765E-08
   7.45058060E-08
   4.43052642E-07
   9.41256673E-08
   2.32890727E-07
   2.58907676E-07
   1.33771792E-07
   3.51875570E-07
   9.47979970E-07
   4.40463850E-07
   6.84295571E-07
   3.95861122E-07
   5.95998699E-07
   4.46708867E-07
   4.33860038E-07
   4.03839209E-07
   5.39257428E-07
   5.96935422E-07
   4.48111024E-07
   2.94540882E-07
   1.73329033E-06
   1.24673045E-06
   1.16510357E-07
   1.99936323E-07
   1.72239893E-07
   6.11807309E-07
   1.91360428E-07
   1.26021746E-06
   2.34727153E-07
   1.19801348E-06
   3.49458361E-07
   3.49984589E-07
   6.02360501E-07
   1.10330681E-07
   5.69358690E-07
   6.54930091E-07
   5.00785461E-07
   6.28686394E-07
   2.03716070E-07
   2.52684742E-07
   4.98480006E-07
   4.92970969E-07
   7.96901702E-07
   1.73726255E-06
   8.85058114E-07
   1.08016604E-06
   3.26218071E-07
   2.06676850E-06
   4.73608566E-07
   1.43475143E-06
   8.53345455E-07
   1.03923662E-06
   1.47296328E-06
   9.94279958E-07
   1.75001264E-06
   2.95013450E-07
   2.30698697E-06
   7.40412531E-07
   1.01490059E-06
   2.53982489E-06
   1.32947901E-06
   1.08853612E-06
   1.46779576E-06
   3.30547067E-07
   1.05456422E-06
   1.60273532E-06
   2.52846075E-06
   3.56006967E-06
   3.51220365E-06
   2.60674278E-06
   4.78219761E-07
   1.95420944E-06
   2.33208812E-06
   1.84589067E-06
   1.01272565E-06
   1.44300216E-07
   2.28788895E-06
   3.85773518E-07
   1.79586493E-06
   1.76141214E-06
   4.68759907E-07
   1.72501632E-06
   3.25538258E-06
   1.89277762E-06
   2.70998100E-07
   1.56561146E-06
   6.76305035E-07
   8.75508590E-07
   6.02800583E-07
   7.45491604E-07
   1.05450397E-06
   2.12509667E-06
   1.18096398E-06
   3.71341599E-07
   1.13835324E-06
   8.96840731E-07
   3.24258508E-06
   7.48129935E-07
   2.18223045E-06
   2.57893566E-06
   2.11806218E-06
   1.35480514E-06
   1.99623946E-06
   6.55095903E-07
   3.54194776E-06
   5.00027090E-06
   1.42626448E-06
   6.50567017E-07
   1.66657412E-06
   3.19407695E-06
   7.30309864E-07
   2.64166283E-06
   2.41730800E-06
   2.93071253E-06
   2.72513239E-06
   8.58289184E-07
   2.92302093E-06
   4.46567219E-06
   1.58076909E-06
   8.19793513E-07
   6.85814541E-07
   3.56928740E-06
   8.44053261E-07
   1.16711487E-06
   1.83470854E-06
   1.05180936E-06
   3.18304751E-06
   2.06706136E-06
   2.51101096E-06
   1.91398726E-06
   2.06236928E-06
   4.03745707E-06
   5.62920650E-06
   3.64536822E-06
   9.60060561E-07
   4.80875497E-06
   5.78234165E-07
   1.88932131E-06
   2.70063794E-07
   1.88418062E-06
   1.21237008E-06
   1.70487192E-06
   6.30378622E-07
   3.70462590E-06
   4.21641317E-07
   5.75915783E-06
   2.55578072E-07
   1.00375962E-06
   4.94869710E-06
   6.92274284E-07
   1.72313617E-06
   4.30085311E-06
   8.14798000E-07
   2.76661535E-06
   3.08982976E-06
   3.56204782E-06
   4.02933165E-06
   4.76415016E-06
   3.48825120E-06
   2.68541112E-06
   5.50471384E-07
   3.23154063E-06
   8.15243766E-06
   4.26466340E-06
   2.55865029E-06
   6.17334217E-06
   7.49479659E-06
   2.66678694E-06
   1.13576698E-06
   2.23394341E-06
   4.39866471E-06
   6.14121882E-06
   6.83132384E-06
   7.34271953E-06
   5.25066253E-06
   7.46438900E-06
   1.73612978E-06
   3.43565125E-06
   9.59023964E-06
   6.56814791E-06
   9.59702083E-06
   3.85723797E-06
   2.35321386E-06
   1.42642921E-06
   4.27046689E-06
   1.79656081E-06
   2.17264665E-06
   3.61238699E-06
   1.29196530E-06
   3.89134402E-06
   1.11805793E-05
   7.69972212E-06
   7.72871681E-06
   1.12868258E-06
   6.83653980E-07
   1.67268263E-06
   3.42319299E-06
   7.74923592E-06
   1.96636961E-06
   9.95068717E-07
   3.72423801E-06
   2.63706238E-06
   3.42121962E-06
   1.58951048E-06
   3.50622599E-06
   5.00380156E-06
   5.39564553E-06
   2.30333990E-06
   4.66829624E-06
   2.91179185E-06
   2.47294247E-06
   7.57073281E-07
   4.19434946E-06
   5.39948815E-06
   3.29964882E-06
   7.71147188E-06
   2.30683054E-06
   4.73885348E-06
   1.88870888E-06
   4.89410559E-06
   1.94321774E-06
   4.34795811E-06
   6.52905737E-06
   1.06361531E-05
   4.74948183E-06
   9.21170795E-06
   7.78234880E-06
   1.63510356E-06
   2.93704989E-06
   4.70708619E-06
   9.41545386E-06
   5.36585003E-06
   6.61512922E-06
   8.17351884E-06
   4.86191129E-06
   1.70911289E-06
   7.87595764E-06
   4.47777620E-06
   5.66712333E-06
   2.53568760E-06
   2.84517205E-06
   7.83011819E-06
   5.54897588E-06
   5.27606471E-06
   9.47167155E-06
   7.58176611E-06
   4.01199168E-06
   1.47712854E-06
   6.54604446E-06
   1.31018469E-05
   8.21060257E-06
   8.27974600E-06
   1.52012956E-06
   4.26498673E-06
   1.32882769E-05
   6.34806247E-06
   1.88849081E-05
   1.08740733E-05
   9.29645830E-06
   1.95917837E-05
   7.16830618E-06
   1.05141744E-05
   1.34712764E-05
   9.05892648E-07
   6.52727567E-06
   1.15672015E-06
   5.01347631E-06
   8.13919723E-06
   9.50707818E-06
   8.65067159E-06
   1.37184870E-05
   6.67821905E-06
   8.95887126E-07
   1.23246664E-05
   1.73715889E-05
   3.12883913E-06
   4.12573036E-06
   9.79151628E-06
   6.14676583E-06
   1.08202248E-05
   5.06387778E-06
   1.20726027E-05
   3.77311699E-06
   9.21803530E-06
   9.07576941E-06
   1.24867222E-06
   1.18929784E-05
   4.97250676E-06
   1.14315135E-05
   8.18814715E-06
   7.32701801E-06
   1.19067327E-05
   9.32494913E-06
   3.87783712E-06
   1.34003421E-05
   1.89555453E-06
   6.06681760E-06
   8.80728567E-06
   1.03576540E-05
   2.71547947E-06
   8.84762539E-06
   4.76811329E-06
   3.93562505E-06
   9.78065145E-07
   7.00671762E-06
   2.30467549E-06
   1.43825639E-06
   9.90126500E-06
   9.95427581E-06
   8.97420341E-06
   1.42541887E-06
   1.09952066E-06
   3.86704232E-06
   7.77889272E-06
   1.64168614E-06
   1.34254299E-06
   1.23947359E-06
   1.21414687E-05
   5.44259456E-06
   6.82387599E-06
   5.66700874E-06
   4.69980978E-06
   7.22089499E-06
   2.82185874E-06
   5.89458887E-06
   4.05957735E-06
   1.47975345E-06
   1.21629807E-06
   7.33391744E-06
   1.60883883E-05
   3.49770448E-06
   3.51976837E-06
   4.94887354E-06
   4.31503076E-06
   2.52066457E-06
   9.33724277E-06
   6.41888255E-06
   1.27637068E-05
   1.04032506E-05
   6.77999697E-06
   7.17665125E-06
   1.13879933E-05
   1.70802396E-05
   6.77634762E-06
   4.15303202E-06
   1.49457073E-05
   2.42704627E-05
   1.32280829E-05
   1.95480370E-05
   3.65274559E-06
   4.42113651E-06
   2.57774263E-05
   1.24183425E-05
   1.68737242E-05
   6.81938718E-06
   2.52926134E-06
   1.44187461E-05
   2.59509852E-05
   1.81556989E-05
   3.21012776E-05
   6.51085065E-06
   6.71933503E-06
   2.24675591E-06
   7.42831298E-06
   2.27395103E-05
   6.83814278E-06
   8.29798864E-06
   1.12993239E-05
   3.62280480E-06
   1.35753635E-05
   1.20865261E-05
   1.89508773E-05
   1.05246982E-05
   8.51733148E-06
   1.28466427E-05
   3.34571837E-06
   5.66135350E-06
   2.54129118E-05
   9.52419305E-06
   6.19202183E-06
   1.26688783E-05
   4.06448726E-06
   1.35190776E-05
   1.38989981E-05
   8.79025447E-06
   6.22198149E-06
   2.43381746E-05
   2.14304055E-05
   1.50830047E-05
   9.10809467E-06
   1.39606855E-05
   3.13438227E-06
   5.25160576E-05
   1.69494415E-05
   1.71164975E-05
   2.20115016E-05
   4.59296598E-06
   1.02529020E-05
   2.00053055E-05
   3.45650051E-06
   2.23034076E-05
   1.90678384E-05
   9.61067053E-06
   2.57804709E-06
   1.10459032E-05
   9.76747106E-06
   1.24191456E-05
   9.20437469E-06
   3.81135869E-05
   9.44005842E-06
   4.70986924E-06
   6.71399130E-06
   1.49680263E-05
   8.85147165E-06
   6.30763498E-06
   1.04316532E-05
   9.44841850E-06
   2.46339960E-06
   4.70033638E-06
   8.38488177E-06
   2.16714361E-05
   1.20232708E-05
   4.04084130E-05
   1.28642632E-05
   3.13680539E-06
   2.51842198E-06
   1.09414786E-05
   1.98303933E-05
   1.40090049E-06
   3.30579473E-06
   3.55093880E-06
   1.14787499E-05
   9.29829457E-06
   1.40001957E-05
   6.13573593E-06
   2.42452752E-05
   1.32589885E-05
   2.68876602E-06
   3.63277445E-06
   6.86839121E-06
   4.02931255E-06
   1.10217543E-05
   4.52803170E-06
   1.90183910E-05
   6.79044479E-06
   6.58453837E-06
   1.88851845E-05
   4.71374869E-06
   3.59598357E-06
   1.19767383E-05
   2.78735333E-05
   2.14635875E-05
   6.99380871E-06
   5.22621986E-06
   1.21986898E-06
   4.00798308E-06
   3.36377452E-05
   5.15507918E-06
   2.80858376E-06
   9.39933943E-06
   3.54912686E-06
   1.98611360E-05
   1.21637613E-05
   5.58863894E-06
   1.20037985E-05
   1.57431641E-05
   8.89769308E-06
   1.72800010E-05
   2.45633091E-05
   4.86578256E-06
   8.20551941E-06
   1.38177293E-05
   5.65656592E-06
   3.26513473E-05
   6.59697253E-06
   1.63471232E-05
   3.11141521E-05
   5.75456761E-06
   8.61196531E-06
   6.60598562E-06
   1.74825891E-05
   1.40303555E-05
   1.02499698E-05
   2.36327855E-06
   6.91831247E-06
   3.32587078E-05
   7.32570379E-06
   3.45640074E-05
   3.86087004E-06
   2.94632027E-05
   1.78147129E-05
   4.77122740E-05
   5.15726060E-06
   4.97074143E-05
   6.42453733E-06
   3.62424798E-05
   2.67075884E-05
   3.88346889E-05
   5.86649867E-06
   1.66203372E-05
   5.02859666E-06
   1.19138658E-05
   4.01069447E-05
   3.80229067E-05
   1.81831547E-05
   3.72995746E-05
   1.25446022E-05
   1.25479519E-05
   1.59376796E-05
   8.70884105E-06
   5.90779337E-06
   2.19518861E-05
   2.06059449E-05
   1.19164270E-05
   8.44872739E-06
   3.28006681E-05
   2.88832075E-06
   1.82952226E-05
   3.14286917E-05
   1.97657191E-05
   1.60300769E-05
   1.66671434E-05
   9.49446712E-06
   9.41084909E-06
   6.25560961E-06
   1.59394240E-05
   1.14087179E-05
   3.04555961E-05
   5.80121423E-06
   1.95962202E-05
   1.57486593E-05
   1.90084866E-05
   4.10343964E-05
   8.14863142E-06
   8.22196398E-06
   6.46434273E-06
   1.72434484E-05
   4.71620251E-06
   7.71406030E-06
   1.20356035E-05
   1.03648099E-05
   5.94701669E-06
   3.10875521E-06
   3.75755990E-05
   2.13100884E-05
   4.77564317E-05
   1.11299969E-05
   3.46011730E-05
   7.53139602E-06
   2.25363547E-05
   2.00775194E-05
   6.97433325E-06
   1.66468071E-05
   1.55945072E-05
   2.01047023E-05
   7.39085772E-06
   5.26073345E-05
   2.49976756E-06
   8.57729628E-06
   2.06525851E-06
   3.12084594E-05
   8.35664014E-06
   9.45295778E-06
   1.10817509E-05
   1.90448591E-05
   6.57924329E-06
   8.63509922E-06
   2.81459670E-05
   1.41910705E-05
   1.15288012E-05
   5.49890792E-05
   5.02183093E-06
   2.79516062E-05
   7.15920942E-06
   1.43344705E-05
   9.54709776E-06
   1.19412216E-05
   2.60731704E-05
   2.40157005E-05
   1.32984778E-05
   1.61591288E-05
   2.19027952E-05
   3.00174133E-06
   3.52068346E-05
   5.74397636E-05
   2.12706491E-05
   2.32665097E-05
   2.26620414E-05
   1.12699363E-05
   5.77653282E-06
   2.24396899E-06
   9.92931473E-06
   9.19725426E-06
   1.24124863E-05
   2.80781642E-05
   2.04207845E-05
   1.53711881E-05
   6.40059125E-06
   6.49979393E-06
   5.10002283E-05
   2.92927180E-05
   2.53307699E-05
   8.01526585E-06
   3.26017580E-05
   1.57482809E-05
   1.93085398E-05
   8.85665850E-06
   2.42640326E-05
   8.99825773E-06
   4.13567541E-05
   1.58003263E-06
   1.57829891E-05
   5.69276062E-06
   9.08380753E-06
   6.53535199E-06
   9.03118598E-06
   3.69494555E-05
   1.73713750E-06
   2.04320822E-05
   1.12979887E-05
   2.38284993E-05
   5.30042780E-06
   3.62466926E-05
   1.56472524E-05
   2.65598555E-05
   1.95443208E-05
   4.64807381E-05
   3.69903937E-05
   4.65951416E-05
   1.94992444E-05
   2.83202826E-05
   5.78636855E-06
   3.66465747E-06
   5.83105684E-05
   5.47768941E-05
   2.57806241E-05
   6.64963318E-06
   5.16648652E-06
   9.19230115E-06
   1.07335418E-05
   3.37945457E-05
   5.81762579E-05
   3.77363285E-05
   3.27622438E-05
   3.28338547E-06
   1.28553756E-05
   1.57180039E-05
   1.64609210E-05
   9.97587358E-06
   1.45927752E-05
   4.40508256E-06
   2.37861605E-05
   2.17751476E-05
   4.81540555E-05
   4.12110057E-05
   4.32590787E-06
   1.74042179E-05
   1.11628851E-05
   7.06669016E-06
   1.23691698E-05
   4.46707600E-05
   1.34624115E-05
   2.97349743E-06
   6.81598067E-06
   1.02412350E-05
   5.93966433E-06
   8.76970171E-06
   1.37539810E-05
   1.24751878E-05
   2.45681940E-06
   9.42557836E-06
   2.12843133E-05
   4.10845023E-05
   8.30507452E-06
   1.94462245E-05
   2.80684617E-05
   1.28027086E-05
   6.43104840E-06
   3.79101075E-05
   2.00545801E-05
   5.39530311E-06
   2.64742575E-05
   2.47428325E-05
   3.14146314E-06
   2.67124742E-05
   1.91042727E-05
   9.39508027E-06
   3.85480744E-05
   2.98466475E-05
   9.83581867E-06
   4.82201767E-06
   2.91260894E-05
   9.05370962E-06
   5.38619224E-06
   5.77476749E-06
   8.09578432E-06
   3.77578435E-05
   7.58883616E-05
   8.11885984E-05
   5.58782449E-06
   5.93514014E-05
   4.32056004E-05
   2.13263411E-05
   7.91644125E-05
   8.01475198E-06
   1.65875135E-05
   1.88700651E-05
   3.67732246E-05
   2.48816286E-05
   2.75721886E-05
   1.43653906E-05
   2.18074856E-05
   9.49798141E-06
   4.15204304E-05
   1.08464919E-05
   8.27811436E-06
   3.56975506E-05
   2.78545194E-05
   3.72700597E-05
   1.87170572E-05
   6.23950036E-05
   3.69842928E-05
   3.51651033E-05
   1.76230988E-05
   2.70208748E-05
   1.54204281E-05
   2.83102800E-05
   7.92283299E-06
   1.77913862E-05
   7.76398811E-05
   4.51458118E-06
   6.92684043E-05
   4.03055856E-05
   1.92959069E-05
   1.76305239E-05
   3.05269932E-05
   1.12505240E-05
   5.20265667E-06
   9.44790736E-06
   2.29527468E-05
   1.44629366E-05
   1.89153816E-05
   1.59010397E-05
   4.61000382E-05
   2.46164691E-05
   1.12210910E-05
   1.37311572E-05
   3.84981286E-05
   8.10607817E-05
   3.86911561E-05
   1.60848194E-05
   4.28261774E-05
   1.11090585E-05
   8.78674109E-06
   5.79601647E-06
   1.73956887E-05
   1.57989689E-05
   6.79680670E-05
   4.96156781E-06
   3.39216676E-05
   6.23707911E-06
   2.99291969E-05
   4.08947781E-05
   5.92034012E-05
   8.62931483E-06
   4.32705201E-05
   3.38205100E-05
   5.31879668E-05
   1.06115940E-05
   2.95246227E-05
   1.77469392E-05
   4.44590332E-05
   3.03765792E-05
   2.50597477E-05
   1.81863525E-05
   1.02493696E-05
   1.17366617E-05
   2.30817222E-05
   3.97181466E-05
   1.43924926E-05
   5.34425317E-06
   7.13799382E-05
   7.27990800E-06
   2.18719197E-05
   2.81287957E-05
   4.73428809E-05
   8.63153946E-06
   5.87894647E-05
   3.07366863E-05
   1.90183964E-05
   2.93437952E-05
   5.36926518E-06
   2.20909551E-05
   4.37300005E-05
   2.22120543E-05
   1.56858205E-05
   1.85308818E-05
   1.94028635E-05
   2.25823478E-05
   5.80664419E-05
   5.34846504E-06
   4.22740268E-05
   3.34905380E-05
   2.67579471E-05
   3.95179959E-05
   7.24747006E-05
   1.02948170E-05
   2.44196908E-05
   2.51764704E-05
   6.74149924E-05
   9.48093875E-05
   5.93511286E-05
   2.58069067E-05
   3.11011790E-05
   1.20199411E-05
   6.63873434E-05
   1.13867245E-05
   4.37587078E-05
   9.01655494E-06
   1.62973884E-05
   2.21086812E-05
   1.02447184E-05
   9.26395296E-06
   3.82112230E-05
   1.52098110E-05
   6.71768794E-05
   1.15924004E-05
   5.09952624E-05
   1.57834256E-05
   3.50138180E-05
   3.93729097E-05
   6.15247482E-05
   6.20926585E-05
   3.36545199E-05
   4.51181877E-05
   2.52294067E-05
   4.21709337E-05
   1.49555772E-05
   9.45653301E-06
   2.65367507E-05
   2.72780471E-05
   3.00142619E-05
   1.26199957E-05
   5.43194474E-05
   4.63643773E-05
   5.91633761E-06
   2.08879101E-05
   6.35194237E-06
   1.73606786E-05
   8.48517084E-06
   1.01457117E-05
   7.96303812E-06
   4.80229719E-05
   3.31208284E-05
   1.34058228E-05
   1.02416298E-05
   3.78518343E-05
   1.86307789E-05
   1.23000655E-05
   2.05691231E-05
   3.42624007E-05
   2.55253835E-05
   1.85415465E-05
   1.99660099E-05
   2.29658181E-05
   8.84312522E-06
   4.31215703E-05
   3.57379176E-05
   2.13804760E-05
   8.13325369E-06
   1.04906812E-05
   7.02402540E-05
   1.24501112E-05
   3.29703798E-05
   2.90084590E-05
   1.63303794E-05
   1.64649482E-05
   3.64758671E-05
   1.42804092E-05
   3.32420022E-05
   1.14636750E-05
   2.77029831E-05
   3.97416006E-05
   1.93826236E-05
   2.63388629E-05
   3.05100948E-05
   5.59767832E-05
   3.86452411E-05
   2.99639178E-05
   3.71461792E-05
   2.08449728E-05
   3.58098296E-05
   4.83980621E-05
   1.60495492E-05
   6.30706709E-05
   7.76159413E-06
   4.56505404E-05
   5.06749457E-05
   2.03747895E-05
   1.61831813E-05
   3.06905240E-05
   2.58074269E-05
   1.01646792E-05
   4.63635388E-06
   6.02513137E-05
   6.35359766E-06
   3.07696064E-05
   3.21277912E-05
   1.49169136E-05
   1.34618158E-05
   2.78864791E-05
   7.53348513E-06
   5.72024619E-05
   2.31428658E-05
   7.69191956E-06
   4.85392729E-06
   3.47258283E-05
   1.65829751E-05
   1.32486948E-05
   1.16976689E-05
   8.78861101E-06
   7.22719851E-05
   5.17514445E-06
   9.41123199E-06
   4.20147517E-05
   9.95239043E-06
   2.58030086E-05
   1.34123484E-05
   4.86164354E-05
   1.70374879E-05
   4.13332527E-05
   9.96365270E-06
   2.66898478E-05
   3.81780956E-06
   3.99273740E-05
   1.49930911E-05
   1.14602108E-05
   4.31881854E-05
   2.64328428E-05
   4.32687120E-05
   4.75520392E-06
   3.13131313E-05
   1.35994451E-05
   2.69016127E-05
   3.31719020E-05
   1.18912358E-05
   2.94387555E-05
   9.83730752E-06
   4.39189971E-05
   1.84412529E-05
   3.69916706E-05
   1.20833320E-05
   2.11687857E-05
   4.68907892E-05
   6.61863887E-05
   1.25084671E-05
   3.69932750E-05
   4.20923134E-05
   6.87899683E-06
   4.97810943E-05
   1.67420512E-05
   1.40819766E-05
   2.71993977E-05
   3.78326404E-05
   7.38571762E-05
   5.83178844E-05
   4.58985669E-05
   3.57560457E-05
   2.16336266E-05
   9.76186311E-06
   6.72677997E-05
   1.31529505E-05
   7.68830341E-06
   2.50628636E-05
