   1.5273690180672705E-008
   3.0987642116428210E-008
   1.0244548343899909E-008
   7.0207394908389658E-009
   1.4701592127218190E-008
   8.1956386575413966E-009
   4.4235448637408581E-017
   9.7104073434067474E-009
   9.5201863340968167E-009
   1.8038247612700272E-008
   1.3783573723016862E-008
   6.6855655968322572E-009
   2.4150888823199945E-008
   1.5609775718695561E-008
   1.0244548245020671E-008
   1.3415701842767192E-008
   1.0495289128160838E-008
   9.8392504442344511E-009
   1.3337869909477956E-008
   1.0674080857464192E-008
   1.3193736153836270E-008
   3.3287270795054961E-008
   1.5494333246990344E-015
   1.2666340076121706E-008
   1.5514053116212377E-008
   1.0221265276329416E-008
   1.0192808277868165E-008
   2.1434579436262091E-008
   1.6347162109801350E-008
   1.2778820358631780E-008
   1.3550743080577299E-008
   1.4348898509331371E-008
   1.0474607179307890E-008
   1.2708221554053690E-008
   2.2097745966950421E-008
   1.0904235345298657E-008
   1.4225446606982028E-008
   1.0895978796157136E-008
   1.0128132526086622E-008
   9.7996754426510346E-009
   1.3873213299403497E-008
   1.5386223846473622E-008
   1.1104231095791036E-008
   9.4483115837178973E-009
   9.9524320089207202E-009
   1.1965377875758607E-008
   1.2963677403132360E-008
   1.3030856899125376E-008
   1.1122681214517171E-008
   1.9352566903986819E-008
   1.3814617193241840E-008
   2.8192068596846527E-008
   2.7197999373675076E-008
   1.6660326099965283E-008
   1.7981764081215212E-015
   7.6903507536978214E-009
   1.0967293144907323E-008
   1.4888128934444595E-008
   1.6419696717990849E-008
   1.7020045583804079E-008
   1.0005481574856812E-008
   9.9625281939128041E-009
   1.0335093681210949E-008
   1.4565270272558768E-008
   2.0377009603151896E-008
   1.0500662714167201E-008
   1.5293297780025341E-008
   1.1209699909470688E-008
   1.9640981334078712E-008
   1.0306440409885786E-008
   1.3294629488892935E-008
   1.8044557032587903E-008
   1.4164694588773637E-008
   1.0170211096601152E-008
   1.1139837639083879E-008
   2.3777828617830548E-008
   1.2275723399777802E-008
   2.4778732403841483E-008
   2.1412481410873926E-008
   1.4248121940692818E-008
   1.0189575527573855E-008
   9.0813477275943453E-009
   1.3745867538514396E-008
   1.3994795734217166E-008
   1.0882200717892544E-008
   1.0091676501290742E-008
   1.0118431541966157E-008
   2.1411710816479520E-008
   1.0052255254822146E-008
   1.0265715401327025E-008
   1.4214307724885745E-008
   1.5158626958435240E-008
   1.1611145652187629E-008
   1.9280860262235125E-008
   1.1072888797359620E-008
   1.9134382969594545E-008
   9.9455478452842723E-009
   1.9809915601471504E-008
   9.9486590661214871E-009
   1.2599422775083915E-008
   1.1944609011352556E-008
   1.2726760339547145E-008
   1.2670560422451097E-008
   9.6656907154847096E-009
   1.2192334135535080E-008
   1.8086891298759324E-008
   1.1200960129491361E-008
   6.7514662709314060E-009
   1.8920941712639906E-008
   2.9132938261748047E-008
   1.3799093273620990E-008
   2.4196283022819344E-008
   2.5472644573760231E-008
   2.4471115985531078E-008
   2.5536267622677666E-008
   1.0182906446803974E-008
   2.3919770686596223E-008
   1.2264857688514937E-008
   4.5821026552032851E-015
   1.2097268494827842E-008
   9.6293934792414917E-009
   1.3500398969534195E-008
   1.0478260910002098E-008
   1.4532417310075442E-008
   1.4552730332893533E-008
   1.0032412932309585E-008
   1.6478336355662601E-008
   1.6677183023102016E-008
   1.6550112206938979E-008
   1.6669529965980902E-008
   9.9524706084565468E-009
   9.9174135076082748E-009
   9.9781047962373973E-009
   1.1938674966944800E-008
   1.0260718471413849E-008
   9.7659412800851874E-009
   1.5473813490487785E-008
   1.1454436320152088E-008
   2.0122151263477342E-008
   9.9136144344215973E-009
   1.0646377291325068E-008
   1.1826563684443547E-008
   1.5164625834508195E-008
   6.5318373116625680E-009
   1.1353751690576913E-008
   1.0152918436014124E-008
   2.1111467525825507E-008
   9.5889228771610562E-009
   1.0255417534647920E-008
   1.1126174008215304E-008
   1.3120007253362986E-008
   1.9325664793849184E-008
   1.7677479177667689E-008
   9.9907823737043602E-009
   1.4242598431121322E-008
   2.3976486206761558E-008
   1.0014830084055832E-008
   1.7576006278198082E-008
   1.1178642318099665E-008
   2.0821470480898455E-008
   1.6362940697442690E-008
   1.5201212158170313E-008
   1.2194839769361258E-008
   1.1515887140324187E-008
   2.5239171292919958E-008
   1.1232537888130771E-008
   2.1211393812660698E-008
   2.5239078549334129E-008
   1.3867727649695724E-008
   1.2530092122972043E-008
   1.0010425142354688E-008
   2.4932165689840024E-008
   9.7545544638971304E-009
   1.3587990080071941E-008
   1.3897084272282272E-008
   1.4373473908505676E-008
   1.4660833792843954E-008
   1.6111474824554255E-008
   1.0441539388717752E-008
   1.5665104032578762E-008
   1.0159133286263139E-008
   1.4563496685182817E-008
   1.0086901153088718E-008
   1.6278827751084073E-008
   1.4619789281872721E-008
   8.0981994201246523E-009
   1.0106973979165407E-008
   1.4944981486939409E-008
   1.0259102545804843E-008
   9.8620302918410964E-009
   1.4201071048373926E-008
   1.4417470032084445E-008
   1.3784511006781283E-008
   1.8270452935992284E-008
   1.0847168961343862E-008
   1.7959490992828013E-008
   1.8782642155678202E-008
   1.5341916150324789E-008
   1.1062815426419481E-008
   1.5999740505453035E-008
   1.3276235040530751E-008
   1.0099029017890399E-008
   1.0102873412890697E-008
   1.0487241833503875E-008
   1.9999528364632522E-008
   1.0928722957426002E-008
   9.9591694383525942E-009
   1.9062558787719076E-008
   1.3012712420650092E-008
   1.9751906297316201E-008
   1.1912659657891413E-008
   1.3417835820381435E-008
   1.2384691760824654E-008
   2.0006593716384208E-008
   1.2651332197063627E-008
   1.0660294854061991E-008
   1.0019990569704310E-008
   2.2164261812509777E-008
   1.2008901632452848E-008
   2.1715093709454887E-008
   2.0171695099681754E-008
   1.0082161904632920E-008
   1.1167589371025489E-008
   1.1056986032509000E-008
   1.1764388787235068E-008
   1.0199653968804237E-008
   1.8560105824792614E-008
   1.5103336458232133E-008
   2.1557613159220190E-008
   1.0332347998122690E-008
   1.3751559345872207E-008
   9.0321660135772973E-009
   2.4125809895069813E-008
   9.9205585633404669E-009
   2.4742714571859405E-008
   1.4976745553214989E-008
   2.4843517238834815E-008
   1.1013844206216769E-008
   2.5051124948880351E-008
   1.5004974379580527E-008
   1.0018601534496352E-008
   2.1858276572721494E-008
   2.5652544169468431E-008
   1.3153736748398530E-008
   1.2272415175774791E-008
   1.0554981358093682E-008
   1.6245224566599492E-014
   9.3456134679471920E-009
   1.2104260020707628E-008
   1.4796486026469053E-008
   1.0060241140201861E-008
   1.0067888139388652E-008
   1.3624040781269620E-008
   1.4531406326218082E-008
   1.0332469941976626E-008
   9.6893224726910061E-009
   1.5009248504740410E-008
   9.9461001679643312E-009
   1.4422726736326312E-008
   1.0976467888281305E-008
   9.9714038499797069E-009
   1.2750054762962729E-008
   1.6440338430755779E-008
   7.2504022680035095E-009
   1.6401821931599571E-008
   1.2323722305497301E-008
   1.6432285130815523E-008
   1.1760762927682333E-008
   1.6428516469068326E-008
   1.4861104288768120E-008
   9.9378160541008235E-009
   1.0053883121015985E-008
   9.9331590931639079E-009
   1.2366766082206442E-008
   9.9674471049265300E-009
   1.0145875801152811E-008
   1.2082006754686473E-008
   1.4578490220566114E-008
   1.0238896532501645E-008
   1.0250714104418283E-008
   9.9045105231578075E-009
   1.3910231797365937E-008
   1.5667534369910153E-008
   1.8425749327379278E-008
   1.1472786787615211E-008
   1.0285219571618364E-008
   1.9943591237161498E-008
   1.3352792017399352E-008
   9.9419731026052454E-009
   1.2113597273847407E-008
   1.0673345312030811E-008
   1.0067810631554454E-008
   1.1790517074942790E-008
   1.3077274429011979E-008
   1.5101049948660056E-008
   1.6859291534041659E-008
   1.1137203352662484E-008
   1.6592582167701672E-008
   1.1556487381115605E-008
   1.1859874618275837E-008
   1.0226429198296019E-008
   1.4879714022395600E-008
   2.1368733298978704E-008
   2.0079100515082991E-008
   9.9199684306699715E-009
   9.1611126656513148E-009
   1.0281941168970493E-008
   1.2905585554971960E-008
   1.1508923679636667E-008
   9.9869761623809981E-009
   1.3091639826652937E-008
   1.7286966133261140E-008
   1.9171093998999426E-008
   1.1835928362011833E-008
   1.7441352031196872E-008
   2.1872690950445066E-008
   1.0065652818649565E-008
   1.6718268268969341E-008
   1.4206196982247225E-008
   1.1625200690594034E-008
   2.4334998532129522E-008
   2.3352062002831905E-008
   9.9775741878299431E-009
   2.1203982621097073E-008
   1.7563395417389113E-008
   1.1315729305783549E-008
   1.1171628445180016E-008
   2.5379540847901449E-008
   2.1242107636434739E-008
   1.1702539608596251E-008
   1.5093940161625308E-008
   1.0042125129829652E-008
   1.5556379710309130E-008
   1.7364952815662359E-008
   1.2145345282123221E-008
   1.2431390464291683E-008
   1.1725666230938515E-008
   1.3268037916259936E-008
   2.5313526735317278E-008
   1.0511173562114626E-008
   1.1173035530422093E-008
   1.0076946268272158E-008
   2.1116481124217024E-008
   2.6715612658426934E-008
   2.4700749622645403E-008
   1.7874160731543519E-008
   1.3740224518521325E-008
   3.5413229669803563E-008
   1.2706907121964965E-008
   1.2119678396126593E-008
   9.9711347631339237E-009
   9.9778501523465504E-009
   2.3380180738643421E-008
   1.0100931141150987E-008
   9.9133817138077852E-009
   1.4311336494881535E-008
   1.3172946650062841E-008
   9.8164314223629290E-009
   1.3776143914653028E-008
   1.2473501313035744E-008
   1.4887773129294518E-008
   1.1111183735678297E-008
   1.4796146083684413E-008
   1.3103976025458113E-008
   1.6202807250912008E-008
   1.2257579207400106E-008
   1.0386125374059945E-008
   1.2218388960400659E-008
   1.4935860228559341E-008
   1.5412875547238338E-008
   1.0188245762588524E-008
   1.0655819172682104E-008
   1.4642234775309742E-008
   1.3594859542947366E-008
   1.0083871505808009E-008
   9.9685956237665235E-009
   1.6052111526416352E-008
   1.7436403103661944E-008
   1.3583037122979503E-008
   9.9475325844152049E-009
   1.4161899893793188E-008
   1.7655993191314952E-008
   1.0122789714596601E-008
   1.0271686242476491E-008
   1.5569475140890492E-008
   1.2138784015316904E-008
   1.0237124427296040E-008
   1.7394331095458161E-008
   9.9174683346203069E-009
   1.5021792883509214E-008
   1.4164389199254309E-008
   1.2851546494496800E-008
   1.4430281587886399E-008
   1.1670838745298213E-008
   1.3526116936379202E-008
   1.3284963264271098E-008
   1.8646883867957438E-008
   1.0522300489654849E-008
   1.0705047001152611E-008
   1.7772147497716910E-008
   1.7774158688693199E-008
   1.3345399908727654E-008
   1.8639413923668146E-008
   1.3555499174183794E-008
   1.5477628741460000E-008
   1.1830462940751696E-008
   1.1059178506779915E-008
   1.0057789663616911E-008
   1.6019846036834837E-008
   1.5849306870021531E-008
   1.2359491705827366E-008
   1.0305913969249220E-008
   9.9912427998500946E-009
   1.0389447337840436E-008
   1.0148865316799478E-008
   1.2030416732587660E-008
   1.0302305851336025E-008
   1.2450973269144927E-008
   1.9953094835337421E-008
   1.0469320508795754E-008
   1.0864478655539829E-008
   1.2699113189541580E-008
   9.9629415063392119E-009
   1.0711214419300522E-008
   1.9015612349420779E-008
   1.0391609164630775E-008
   1.3155001585496595E-008
   1.4804801758932581E-008
   1.9910912679448369E-008
   1.4742742785874438E-008
   1.1930774872534625E-008
   1.4109657625422687E-008
   1.0923359846329769E-008
   1.0996041597001774E-008
   1.2440958166509813E-008
   1.0142190212909454E-008
   1.9931271224840428E-008
   1.6825279502141976E-008
   1.2642375287489398E-008
   1.6592730824564120E-008
   1.0542344774510984E-008
   1.7888105272950598E-008
   1.0101961232696538E-008
   1.9205991425279983E-008
   2.1922740351487383E-008
   6.9436153892712704E-009
   1.1945503866937006E-008
   1.8206706975838496E-008
   2.1011249639521921E-008
   1.8775071164741182E-008
   2.0704240304091401E-008
   1.1946339200900145E-008
   1.0080137852272808E-008
   2.2900455439339730E-008
   1.1166711357303985E-008
   1.9510395196176957E-008
   1.1103599318073120E-008
   1.0608620842088509E-008
   1.2537233239293843E-008
   2.4818212031521093E-008
   1.0284545156979542E-008
   1.4751127825773070E-008
   1.8476998000324202E-008
   2.0624289934880424E-008
   1.4804160326934812E-008
   2.4653986838061954E-008
   1.9664350560869535E-008
   1.5921046044309073E-008
   1.0404270234237115E-008
   2.3087049167639387E-008
   1.3801281260912337E-008
   2.5554128437970548E-008
   1.5445987178122811E-008
   1.9253109768539174E-008
   2.4083376461975328E-008
   9.9623715055766890E-009
   9.9287753849028656E-009
   2.6005975463771304E-008
   2.4552498084815534E-008
   1.5143994173510617E-008
   1.5154280631030640E-008
   1.0673076046756654E-008
   2.4918719129930135E-008
   9.9268779185152462E-009
   1.0983283824478065E-008
   1.9496137352977147E-008
   2.4896702368829325E-008
   1.4855613477990372E-008
   1.4855864317407168E-008
   1.4600824409146523E-008
   9.9884428674933822E-009
   1.0433075353349987E-008
   1.7244592491234225E-008
   1.9955383755479755E-008
   2.6044705785413604E-008
   1.5114412967229716E-008
   1.3378938590515007E-008
   2.1350839015964479E-008
   1.2284440049241239E-008
   1.3736150302207032E-008
   1.0092750654062036E-008
   1.5269384921800052E-008
   1.3309868310306446E-014
   1.5289644958086837E-008
   9.7986674889381902E-009
   1.3672222757483763E-008
   1.2115885627406347E-008
   1.1572140451145546E-008
   1.4650383810370020E-008
   1.3509108544441513E-008
   1.0142841786627593E-008
   1.2613904030187874E-008
   1.0072042653061158E-008
   1.0117539260745703E-008
   1.3665869264163715E-008
   1.2923443128970193E-008
   1.4218698289715471E-008
   1.1005629391867051E-008
   1.0290147912925656E-008
   1.5817042519276902E-008
   9.8952707003880955E-009
   1.1256909982942178E-008
   1.5169020267004530E-008
   1.1809434800782056E-008
   9.9585720382354172E-009
   1.4204046432894077E-008
   1.4404240364380175E-008
   1.0182965549043117E-008
   1.1530896499228959E-008
   1.5513268751417493E-008
   9.9578236661754488E-009
   1.0305791909884374E-008
   1.2566562845333753E-008
   1.3658141474415900E-008
   1.6366281889994269E-008
   9.9579907006060083E-009
   1.2859434376572160E-008
   1.0764224975446098E-008
   1.6187019811842862E-008
   1.3554989557825716E-008
   1.2170580205195079E-008
   1.7774040227932752E-008
   1.6623697301856314E-008
   1.1028320750423201E-008
   1.1990321189221231E-008
   1.0717222132211623E-008
   1.6403536353858046E-008
   1.4890503832715056E-008
   1.4826130792822309E-008
   1.6283519244655720E-008
   9.9343845352188424E-009
   1.1779673223252168E-008
   1.0034684132160386E-008
   1.3902787843905730E-008
   9.9342718517048867E-009
   1.0674836823355404E-008
   1.2236096539189919E-008
   1.8250782949500107E-008
   9.9666256443710390E-009
   1.0377673987431282E-008
   1.0181399037611759E-008
   1.2557641976298982E-008
   1.2083121918582649E-008
   1.3451595249943467E-008
   1.4680973826957365E-008
   1.0099703198343659E-008
   1.0231831627081279E-008
   1.7752828305522767E-008
   1.0263435041036063E-008
   1.0826661622654187E-008
   9.9408658513742338E-009
   1.0133194795817851E-008
   1.3452002492080721E-008
   1.4194718017127154E-008
   1.5701131530530958E-008
   2.1521202515638158E-008
   1.8695260756054961E-008
   1.8578402979944240E-008
   1.1472192211711367E-008
   1.1122004670261712E-008
   1.0319598259806510E-008
   1.0864994853911908E-008
   1.9880185161107707E-008
   1.3662910543355389E-008
   1.3800801638313466E-008
   6.8126588105277294E-009
   9.9465929717975423E-009
   1.2139499714585152E-008
   1.1912671410149478E-008
   1.8906991095247527E-008
   1.0684351797398386E-008
   1.6424663436304436E-008
   9.9765923411106693E-009
   1.0284496126267748E-008
   1.1761499079291865E-008
   1.2212460281301447E-008
   1.3346646151600987E-008
   1.4957331808845842E-008
   1.5050452922670740E-008
   1.8493670267134701E-008
   1.6800411878965706E-008
   1.0334840779033513E-008
   1.1866572910808164E-008
   1.2045062039970095E-008
   1.6174028326876220E-008
   1.1560608758072156E-008
   1.1523888177183183E-008
   1.9498598909401071E-008
   1.1900807641095438E-008
   1.0112423045958587E-008
   1.0242341740700810E-008
   1.5612455222819985E-008
   1.4708228791090360E-008
   9.9513669905585543E-009
   2.1407906055023656E-008
   1.0279297123774386E-008
   2.0069969285790667E-008
   1.0683775006880243E-008
   1.0033847394980700E-008
   1.5703113663980271E-008
   9.7651911797314758E-009
   1.1978775244059053E-008
   1.0268636650378323E-008
   1.3059606020387632E-008
   1.2310254841864192E-008
   1.1277552323191697E-008
   1.1563796281375964E-008
   1.2729091633545943E-008
   9.9486961430601368E-009
   2.2357505112223698E-008
   1.3094396179931492E-008
   1.3583516296800259E-008
   1.7196551560935199E-008
   1.6400069735275539E-008
   1.9093331838651054E-008
   1.0822610410313667E-008
   1.1811957760661502E-008
   1.4900415351173277E-008
   1.7395361556967475E-008
   1.0214138211667926E-008
   2.2085146671406071E-008
   1.1567140305577767E-008
   1.0078770073198810E-008
   1.4921991975297482E-008
   1.6911558064542128E-008
   1.4789620647852870E-008
   1.4175572900161279E-008
   1.4347842435405873E-008
   1.1565381583691731E-008
   1.5390911034316981E-008
   2.4409670012473429E-008
   1.8591463416417983E-008
   2.3292896995728425E-008
   8.2266987829249620E-009
   9.9665864304137781E-009
   1.1822772052349701E-008
   2.1067585377858017E-008
   2.3658847915521931E-008
   1.7572247289416490E-008
   1.9975217784339531E-008
   1.1324478971067996E-008
   1.5133796586099144E-008
   1.1153268328361259E-008
   1.7239438011909105E-008
   2.5078672734793343E-008
   9.9736224547545896E-009
   2.1372084465993609E-008
   2.2509728661551734E-008
   1.1782795960811529E-008
   1.9500337622566573E-008
   1.4893114879594814E-008
   1.6624422176913210E-008
   1.0053551881938617E-008
   1.4506079815943999E-008
   1.5679845532455723E-008
   1.4607913598214003E-008
   1.9197808014311888E-008
   1.1558875474011086E-008
   1.2280829327299094E-008
   1.0087705032086306E-008
   1.2280433433176269E-008
   1.0983768053426578E-008
   1.1720984558734285E-008
   1.5396059270320880E-008
   1.3398208987273908E-008
   1.0406041965181080E-008
   2.5318966492055831E-008
   1.6286479729410231E-008
   1.0249038964496361E-008
   1.4224959810633928E-008
   1.1197639417466760E-008
   2.1911857170611390E-008
   1.0300530988376279E-008
   1.1381306257535632E-008
   2.1087544284763011E-008
   1.0098996559604369E-008
   2.6440524368931634E-008
   1.5329105913927442E-008
   2.4535187036492225E-008
   1.0509070801044236E-008
   1.7789230672424869E-008
   1.8189371178392098E-008
   1.3406702381015987E-008
   1.4565560873890976E-008
   2.7935339705231559E-008
   2.0747466787985314E-008
   1.2768766199685800E-008
   2.3699498621458514E-008
   1.2366650563311382E-008
   2.6025338699618203E-008
   9.9615332042458654E-009
   1.9822222640555824E-008
   9.9771657981700851E-009
   3.3359934093956118E-008
   2.2998243358734113E-008
   1.1081530311382222E-008
   1.0105841052444298E-008
   9.9488370774397717E-009
   9.9513891683739248E-009
   1.0325670222554567E-008
   1.3685306644173130E-008
   1.1164536177915716E-008
   1.3060943524091063E-008
   1.0212104063183737E-008
   9.9200961217374178E-009
   1.0297332555799170E-008
   1.3712887974346397E-008
   1.1250447053376493E-008
   1.2329240451421902E-008
   1.0158336983949084E-008
   1.5005001919977236E-008
   1.0845169307922031E-008
   1.1129646571512552E-008
   1.1598619927204408E-008
   1.4838926772500486E-008
   1.3473926149938518E-008
   1.3208106265818252E-008
   1.2802937209623191E-008
   1.6290192176658142E-008
   1.1800990300317498E-008
   1.2251906412483425E-008
   9.9890388133040670E-009
   1.0398111622617650E-008
   1.8364605806114366E-008
   1.2436336958313488E-008
   1.3327328072053100E-008
   1.4794487047487612E-008
   1.0011981193378209E-008
   1.4956318330628042E-008
   1.3354938595284546E-008
   1.0187788582078540E-008
   1.3581822071522584E-008
   1.0717988617979968E-008
   1.6099588394027617E-008
   1.4654441036714216E-008
   7.9746834663658671E-009
   1.3516739918591095E-008
   9.9646381195611728E-009
   1.0075826555479720E-008
   1.5845084076718323E-008
   1.0003100784492964E-008
   1.6019663633798351E-008
   1.5944622752190112E-008
   1.0373388284269605E-008
   1.7385922403044815E-008
   1.0033733781194818E-008
   1.3387682761063998E-008
   1.0020182830997073E-008
   9.9418388554891554E-009
   1.0531909665470206E-008
   1.5187331388352740E-008
   1.4858307750169118E-008
   1.7452253996296360E-008
   1.7521082595567683E-008
   1.0209894574513551E-008
   9.8269380244446985E-009
   1.0300677343966051E-008
   1.7226099828115188E-008
   1.5705319802131926E-008
   1.2000716986666635E-008
   1.2091348640152332E-008
   1.1712884510007845E-008
   1.0235697289269177E-008
   1.6613317347071733E-008
   1.7315058794974920E-008
   1.1076166923056524E-008
   9.9304229401887812E-009
   1.2958681179013442E-008
   1.5007244954538443E-008
   1.5063148277312897E-008
   1.4076221768822075E-008
   1.0107987060712348E-008
   1.2865905952152608E-008
   1.0078726933541612E-008
   1.4442947973219683E-008
   1.0025071980204501E-008
   1.1703587620939823E-008
   1.6984675411419717E-008
   1.3452117664575221E-008
   1.0330392274969812E-008
   1.3343983120089036E-008
   1.0315883167167562E-008
   1.8690528468452250E-008
   1.3065824110431569E-008
   1.0406475504571463E-008
   1.3287917225016587E-008
   1.0679455024977212E-008
   1.5745418095896779E-008
   1.7862787615668301E-008
   2.3088423844289289E-008
   1.7714149135141202E-008
   1.3346723829569176E-008
   1.3254842008074192E-008
   1.0384079949217051E-008
   1.8495171021940380E-008
   1.4716475700180691E-008
   1.3471411711486793E-008
   1.0474351301994390E-008
   1.5482634338381278E-008
   1.0294198411134769E-008
   1.1434947077196681E-008
   1.4172293494612269E-008
   1.1050997834682409E-008
   1.0710711432782795E-008
   1.0032237269079939E-008
   1.0023906862823050E-008
   1.5996622712160476E-008
   1.2291051213584705E-008
   1.5892029420821486E-008
   1.7811059216084218E-008
   1.2161312841031657E-008
   1.0232267736497346E-008
   1.0335001554704088E-008
   1.3305170973672711E-008
   9.9671204420349145E-009
   1.4359813679343270E-008
   1.0409041461997239E-008
   1.0841146357400216E-008
   1.0144487260390433E-008
   1.1945638402469416E-008
   1.1949104394049438E-008
   1.2685965292495813E-008
   1.0271611555992601E-008
   1.2672020860741091E-008
   1.2645471581883138E-008
   2.0326709038064616E-008
   1.9925193826636123E-008
   1.2403722545042174E-008
   1.0448253604802356E-008
   1.7847950647498474E-008
   1.0824351360100999E-008
   1.1875578922294375E-008
   1.2631516850920234E-008
   1.4659281307664617E-008
   9.9621664828617031E-009
   1.8503398085060446E-008
   1.0654779714833667E-008
   1.6128848332017109E-008
   1.8979363947179748E-008
   2.0154404949210726E-008
   1.0362483603203580E-008
   2.0734351408304756E-008
   1.3162260824848804E-008
   1.4148319094220115E-008
   1.4413808919274967E-008
   1.9399793497285293E-008
   1.9919839735533607E-008
   9.9680774529506932E-009
   1.4476161218479341E-008
   1.2951362116646890E-008
   1.1938575551826592E-008
   1.1153688798217778E-008
   1.4109069889196816E-008
   2.1870040072285877E-008
   1.0367333537249137E-008
   1.0360044146718425E-008
   1.0946606204968800E-008
   1.1499944481774057E-008
   1.2401955659963122E-008
   1.7806221376710785E-008
   1.0133242623917504E-008
   1.7664791917874977E-008
   1.9919894800111737E-008
   1.0625714185137032E-008
   1.6579168040098179E-008
   1.1670627507366605E-008
   1.2615439742682909E-008
   2.1903315390253396E-008
   1.6464022917396131E-008
   1.5727664532787544E-008
   1.0514992648235985E-008
   1.5553241822311782E-008
   1.7913665242915755E-008
   1.6784484798891230E-008
   1.0117863202424800E-008
   2.2906126769279625E-008
   1.9030732118213974E-008
   1.0095531678801566E-008
   2.1851351292196788E-008
   2.2204037960326681E-008
   9.8425200246603187E-009
   1.2990616636459817E-008
   1.1944712101465117E-008
   2.0355770377871529E-008
   1.8106803741103799E-008
   2.1628777878534771E-008
   2.0815470141981677E-008
   1.7250944315643174E-008
   1.8227361759776451E-008
   1.9609749212658260E-008
   2.0825183417256528E-008
   1.0892861419620495E-008
   1.1801097520445978E-008
   1.4104279168415245E-008
   1.0087403462842045E-008
   1.3674845514676504E-008
   2.2736512839249231E-008
   1.9714024416293213E-008
   1.1178286548864391E-008
   1.1445248450169469E-008
   1.9731135320746396E-008
   2.4323412230175219E-008
   1.1106170616479259E-008
   1.1880022554468401E-008
   1.0868029868721377E-008
   2.1462561671324182E-008
   1.2652997122670514E-008
   1.0281134556238156E-008
   2.4726609896633875E-008
   1.4902235741254757E-008
   1.0305483663224540E-008
   1.1924062789925991E-008
   1.4696689431989651E-008
   1.6689771770918344E-008
   1.8432640599580131E-008
   2.2807696884879591E-008
   2.0200323003554245E-008
   1.4196541620555783E-008
   1.4670943566139859E-008
   2.2720214926847349E-008
   2.3873002348969844E-008
   1.1523089364896824E-008
   1.9319275975951558E-008
   1.1877770187250076E-008
   1.5858216421775323E-008
   2.4034479815498098E-008
   1.0375046819130529E-008
   1.0842194840704959E-008
   2.1357755072583209E-008
   9.8664168351107243E-009
   1.3770728067982438E-008
   1.6898297960075290E-008
   2.5527111374811553E-008
   1.0720246839618332E-008
   1.6621625417087273E-008
   2.1511674076153443E-008
   1.9127801605443696E-008
   1.5564744057783395E-008
   2.4060343601075429E-008
   1.6049777502293443E-008
   9.9502448420582977E-009
   1.6657566918713679E-008
   9.9536485634886033E-009
   1.3282141069732546E-008
   2.5985673018656649E-008
   1.2392922450874280E-008
   2.4492445733697307E-008
   2.4219537326300232E-008
   1.5412918292836149E-008
   1.3739346739590672E-008
   1.5215959781994736E-008
   1.0431152275207966E-008
   1.0583854189498003E-008
   9.9332060682372503E-009
   2.4921312065457732E-008
   1.2775818590783997E-008
   9.9344664263916735E-009
   2.0485000093895483E-008
   1.0982317347626741E-008
   2.5924080797536365E-008
   1.9284723381989477E-008
   1.0546137486537885E-008
   2.4853762887311246E-008
   2.6424725069929262E-008
   1.4280208007622373E-008
   1.0474532755243592E-008
   1.4792902085391789E-008
   1.0029969403619553E-008
   1.4386209141053984E-008
   2.1095954983467496E-008
   9.9793756628344113E-009
